// Created with FBXConvert.exe (Aug 20 2013 11:04:13)
[node 0]
type = null
name = treeGrp
parent = -1
matrixRow0 = -1.545231846519479 -0.05875852421683794 -0.4356707612123011 0
matrixRow1 = -0.05446104976580364 1.255008062734929 0.02389999002340862 0
matrixRow2 = 0.4514265952313135 0.05020974136312054 -1.607886192940394 0
matrixRow3 = 34.3255922573973 -1.310322999954224 28.14796367616552 1
[node 1]
type = model
name = treeTrunk
parent = 0
matrixRow0 = 0.9999999999999999 1.387778780781446e-017 5.551115123125783e-017 0
matrixRow1 = -1.387778780781446e-017 0.9999999999999999 -1.734723475976807e-018 0
matrixRow2 = -5.551115123125785e-017 1.734723475976807e-018 1 0
matrixRow3 = 0 0 -0 1
BoundingBoxCenter = 0.1371530294418335 3.409468472003937 -0.1156883239746094 
BoundingBoxHalf = 2.097625851631165 3.413734138011932 1.960325241088867 
meshcount = 1
material0 = barkTreeA
[node 2]
type = model
name = treeLeaves
parent = 0
matrixRow0 = 0.9999999999999999 1.387778780781446e-017 5.551115123125783e-017 0
matrixRow1 = -1.387778780781446e-017 0.9999999999999999 -1.734723475976807e-018 0
matrixRow2 = -5.551115123125785e-017 1.734723475976807e-018 1 0
matrixRow3 = 0 0 -0 1
BoundingBoxCenter = -1.192092895507813e-007 4.645584344863892 -0 
BoundingBoxHalf = 3.396453022956848 2.828553438186646 3.046929359436035 
meshcount = 1
material0 = leavesTreeA
[node 3]
type = null
name = bushGrp
parent = -1
matrixRow0 = -0.7642883208862462 -0.02906259919027289 -0.2154874527703987 0
matrixRow1 = -0.04362223325979051 1.005236856266335 0.0191434234960787 0
matrixRow2 = 0.281045475631517 0.0312591699111192 -1.001024628654702 0
matrixRow3 = 34.50819913949079 -1.310322999954224 24.4940550754817 1
[node 4]
type = model
name = bush
parent = 3
matrixRow0 = 0.9999999999999999 1.734723475976807e-018 2.775557561562891e-017 0
matrixRow1 = -1.734723475976807e-018 0.9999999999999999 -6.938893903907228e-018 0
matrixRow2 = -2.775557561562891e-017 6.938893903907228e-018 0.9999999999999999 0
matrixRow3 = 0 0 -0 1
BoundingBoxCenter = 0 1.787436962127686 -0 
BoundingBoxHalf = 1.98231840133667 1.921658039093018 2.030847549438477 
meshcount = 1
material0 = PRP_ShrubSmall_DM_A
[node 5]
type = null
name = treeGrp1
parent = -1
matrixRow0 = 0.6299426280981426 0.02570472486603332 1.282350997738753 0
matrixRow1 = -0.1123079129164109 1.641929770223171 0.02225770391739507 0
matrixRow2 = -1.504101744641351 -0.1129272320836137 0.7411391819032895 0
matrixRow3 = 27.45516955150062 -1.310322999954224 46.71782746679568 1
[node 6]
type = model
name = treeTrunk
parent = 5
matrixRow0 = 1 -5.204170427930421e-018 5.551115123125783e-017 0
matrixRow1 = 5.204170427930421e-018 1 -2.602085213965211e-018 0
matrixRow2 = -5.551115123125783e-017 2.602085213965211e-018 1 0
matrixRow3 = 0 0 -0 1
BoundingBoxCenter = 0.1371530294418335 3.409468472003937 -0.1156883239746094 
BoundingBoxHalf = 2.097625851631165 3.413734138011932 1.960325241088867 
meshcount = 1
material0 = barkTreeA
[node 7]
type = model
name = treeLeaves
parent = 5
matrixRow0 = 1 -5.204170427930421e-018 5.551115123125783e-017 0
matrixRow1 = 5.204170427930421e-018 1 -2.602085213965211e-018 0
matrixRow2 = -5.551115123125783e-017 2.602085213965211e-018 1 0
matrixRow3 = 0 0 -0 1
BoundingBoxCenter = -1.192092895507813e-007 4.645584344863892 -0 
BoundingBoxHalf = 3.396453022956848 2.828553438186646 3.046929359436035 
meshcount = 1
material0 = leavesTreeA
[node 8]
type = null
name = treeGrp2
parent = -1
matrixRow0 = -1.030430087837979 0.01202500640426256 1.481459313751087 0
matrixRow1 = 0.1294334754739513 1.743649487269955 0.07587434241847453 0
matrixRow2 = -1.223011897683789 0.1278474854211653 -0.8517045404327314 0
matrixRow3 = 66.48807959700429 -1.310322999954224 48.34458376500605 1
[node 9]
type = model
name = treeTrunk
parent = 8
matrixRow0 = 1 1.387778780781446e-017 -1.110223024625157e-016 0
matrixRow1 = -1.387778780781445e-017 1 6.938893903907228e-018 0
matrixRow2 = 1.110223024625157e-016 -6.938893903907228e-018 1 0
matrixRow3 = 0 0 -0 1
BoundingBoxCenter = 0.1371530294418335 3.409468472003937 -0.1156883239746094 
BoundingBoxHalf = 2.097625851631165 3.413734138011932 1.960325241088867 
meshcount = 1
material0 = barkTreeA
[node 10]
type = model
name = treeLeaves
parent = 8
matrixRow0 = 1 1.387778780781446e-017 -1.110223024625157e-016 0
matrixRow1 = -1.387778780781445e-017 1 6.938893903907228e-018 0
matrixRow2 = 1.110223024625157e-016 -6.938893903907228e-018 1 0
matrixRow3 = 0 0 -0 1
BoundingBoxCenter = -1.192092895507813e-007 4.645584344863892 -0 
BoundingBoxHalf = 3.396453022956848 2.828553438186646 3.046929359436035 
meshcount = 1
material0 = leavesTreeA
[node 11]
type = null
name = treeGrp3
parent = -1
matrixRow0 = -1.212875694266093 -0.01374290021678773 -0.4444510449731846 0
matrixRow1 = 0.01594825291621553 1.261114511245804 -0.082516667769997 0
matrixRow2 = 0.5424086381708612 -0.1035014275453548 -1.476994713435683 0
matrixRow3 = 85.82612553058691 -1.310322999954224 61.94689150870053 1
[node 12]
type = model
name = treeTrunk
parent = 11
matrixRow0 = 1 -1.040834085586084e-017 -5.551115123125783e-017 0
matrixRow1 = 1.040834085586084e-017 0.9999999999999999 -6.938893903907228e-018 0
matrixRow2 = 5.551115123125782e-017 6.938893903907228e-018 0.9999999999999999 0
matrixRow3 = 0 0 -0 1
BoundingBoxCenter = 0.1371530294418335 3.409468472003937 -0.1156883239746094 
BoundingBoxHalf = 2.097625851631165 3.413734138011932 1.960325241088867 
meshcount = 1
material0 = barkTreeA
[node 13]
type = model
name = treeLeaves
parent = 11
matrixRow0 = 1 -1.040834085586084e-017 -5.551115123125783e-017 0
matrixRow1 = 1.040834085586084e-017 0.9999999999999999 -6.938893903907228e-018 0
matrixRow2 = 5.551115123125782e-017 6.938893903907228e-018 0.9999999999999999 0
matrixRow3 = 0 0 -0 1
BoundingBoxCenter = -1.192092895507813e-007 4.645584344863892 -0 
BoundingBoxHalf = 3.396453022956848 2.828553438186646 3.046929359436035 
meshcount = 1
material0 = leavesTreeA
[node 14]
type = null
name = treeGrp4
parent = -1
matrixRow0 = 0.7390743924165535 -0.02131782218500561 1.076013676444355 0
matrixRow1 = -0.04129162296029851 1.630068417317114 0.06065637570398576 0
matrixRow2 = -1.182666197848513 -0.06014160669148741 0.8111385873953166 0
matrixRow3 = 111.567718811007 -1.310322999954224 60.81204295724213 1
[node 15]
type = model
name = treeTrunk
parent = 14
matrixRow0 = 1 3.469446951953614e-018 -0 0
matrixRow1 = -3.469446951953615e-018 1 1.040834085586084e-017 0
matrixRow2 = 3.611118645726066e-035 -1.040834085586084e-017 1 0
matrixRow3 = 0 0 -0 1
BoundingBoxCenter = 0.1371530294418335 3.409468472003937 -0.1156883239746094 
BoundingBoxHalf = 2.097625851631165 3.413734138011932 1.960325241088867 
meshcount = 1
material0 = barkTreeA
[node 16]
type = model
name = treeLeaves
parent = 14
matrixRow0 = 1 3.469446951953614e-018 -0 0
matrixRow1 = -3.469446951953615e-018 1 1.040834085586084e-017 0
matrixRow2 = 3.611118645726066e-035 -1.040834085586084e-017 1 0
matrixRow3 = 0 0 -0 1
BoundingBoxCenter = -1.192092895507813e-007 4.645584344863892 -0 
BoundingBoxHalf = 3.396453022956848 2.828553438186646 3.046929359436035 
meshcount = 1
material0 = leavesTreeA
[node 17]
type = null
name = treeGrp5
parent = -1
matrixRow0 = -0.1964067838133341 -0.01545146709390202 1.583119575325521 0
matrixRow1 = -0.105598417911559 1.699459013514223 0.003486084988766385 0
matrixRow2 = -1.796158958660882 -0.1111476840294401 -0.2239219352698258 0
matrixRow3 = 109.343510178771 -1.310322999954224 74.20646179263846 1
[node 18]
type = model
name = treeTrunk
parent = 17
matrixRow0 = 0.9999999999999999 1.084202172485504e-018 -4.163336342344337e-017 0
matrixRow1 = -1.084202172485504e-018 0.9999999999999997 1.16009632455949e-017 0
matrixRow2 = 4.163336342344337e-017 -1.16009632455949e-017 0.9999999999999999 0
matrixRow3 = 0 0 -0 1
BoundingBoxCenter = 0.1371530294418335 3.409468472003937 -0.1156883239746094 
BoundingBoxHalf = 2.097625851631165 3.413734138011932 1.960325241088867 
meshcount = 1
material0 = barkTreeA
[node 19]
type = model
name = treeLeaves
parent = 17
matrixRow0 = 0.9999999999999999 1.084202172485504e-018 -4.163336342344337e-017 0
matrixRow1 = -1.084202172485504e-018 0.9999999999999997 1.16009632455949e-017 0
matrixRow2 = 4.163336342344337e-017 -1.16009632455949e-017 0.9999999999999999 0
matrixRow3 = 0 0 -0 1
BoundingBoxCenter = -1.192092895507813e-007 4.645584344863892 -0 
BoundingBoxHalf = 3.396453022956848 2.828553438186646 3.046929359436035 
meshcount = 1
material0 = leavesTreeA
[node 20]
type = null
name = treeGrp6
parent = -1
matrixRow0 = 0.1790576383889834 -0.002526693152871969 -1.262616981823142 0
matrixRow1 = 0.122309712491555 1.391584127684063 0.01456053771521654 0
matrixRow2 = 1.466730046782102 -0.1310936181867167 0.208266208568433 0
matrixRow3 = 128.0013094196536 -1.310322999954224 52.05977645834 1
[node 21]
type = model
name = treeTrunk
parent = 20
matrixRow0 = 1 0 1.387778780781446e-017 0
matrixRow1 = 1.925929944387236e-034 1 -1.387778780781446e-017 0
matrixRow2 = -1.387778780781445e-017 1.387778780781445e-017 0.9999999999999998 0
matrixRow3 = 0 0 -0 1
BoundingBoxCenter = 0.1371530294418335 3.409468472003937 -0.1156883239746094 
BoundingBoxHalf = 2.097625851631165 3.413734138011932 1.960325241088867 
meshcount = 1
material0 = barkTreeA
[node 22]
type = model
name = treeLeaves
parent = 20
matrixRow0 = 1 0 1.387778780781446e-017 0
matrixRow1 = 1.925929944387236e-034 1 -1.387778780781446e-017 0
matrixRow2 = -1.387778780781445e-017 1.387778780781445e-017 0.9999999999999998 0
matrixRow3 = 0 0 -0 1
BoundingBoxCenter = -1.192092895507813e-007 4.645584344863892 -0 
BoundingBoxHalf = 3.396453022956848 2.828553438186646 3.046929359436035 
meshcount = 1
material0 = leavesTreeA
[node 23]
type = null
name = treeGrp7
parent = -1
matrixRow0 = 0.04828858178966095 -0.004164098868429322 1.431497040406773 0
matrixRow1 = 0.09500904198204099 1.684636688360645 0.00169552696561655 0
matrixRow2 = -1.231273670224727 0.06939856382682921 0.04173633624434699 0
matrixRow3 = 158.9673851720182 -1.310322999954224 9.544756395783878 1
[node 24]
type = model
name = treeTrunk
parent = 23
matrixRow0 = 0.9999999999999998 -2.168404344971009e-019 -2.081668171172169e-017 0
matrixRow1 = 2.168404344971011e-019 0.9999999999999998 8.382238046028556e-018 0
matrixRow2 = 2.081668171172169e-017 -8.382238046028558e-018 1 0
matrixRow3 = 0 0 -0 1
BoundingBoxCenter = 0.1371530294418335 3.409468472003937 -0.1156883239746094 
BoundingBoxHalf = 2.097625851631165 3.413734138011932 1.960325241088867 
meshcount = 1
material0 = barkTreeA
[node 25]
type = model
name = treeLeaves
parent = 23
matrixRow0 = 0.9999999999999998 -2.168404344971009e-019 -2.081668171172169e-017 0
matrixRow1 = 2.168404344971011e-019 0.9999999999999998 8.382238046028556e-018 0
matrixRow2 = 2.081668171172169e-017 -8.382238046028558e-018 1 0
matrixRow3 = 0 0 -0 1
BoundingBoxCenter = -1.192092895507813e-007 4.645584344863892 -0 
BoundingBoxHalf = 3.396453022956848 2.828553438186646 3.046929359436035 
meshcount = 1
material0 = leavesTreeA
[node 26]
type = null
name = treeGrp8
parent = -1
matrixRow0 = -0.3457489276293132 -0.001327714669548807 1.605099067994259 0
matrixRow1 = 0.04328645607368448 1.710804111020507 0.0107393405347973 0
matrixRow2 = -1.515186345077639 0.04038557430642174 -0.3263477276230036 0
matrixRow3 = 158.8647696446339 -1.310322999954224 -16.89969592000247 1
[node 27]
type = model
name = treeTrunk
parent = 26
matrixRow0 = 1 -1.734723475976807e-018 -8.326672684688674e-017 0
matrixRow1 = 1.734723475976808e-018 1 7.806255641895632e-018 0
matrixRow2 = 8.326672684688672e-017 -7.806255641895627e-018 0.9999999999999999 0
matrixRow3 = 0 0 -0 1
BoundingBoxCenter = 0.1371530294418335 3.409468472003937 -0.1156883239746094 
BoundingBoxHalf = 2.097625851631165 3.413734138011932 1.960325241088867 
meshcount = 1
material0 = barkTreeA
[node 28]
type = model
name = treeLeaves
parent = 26
matrixRow0 = 1 -1.734723475976807e-018 -8.326672684688674e-017 0
matrixRow1 = 1.734723475976808e-018 1 7.806255641895632e-018 0
matrixRow2 = 8.326672684688672e-017 -7.806255641895627e-018 0.9999999999999999 0
matrixRow3 = 0 0 -0 1
BoundingBoxCenter = -1.192092895507813e-007 4.645584344863892 -0 
BoundingBoxHalf = 3.396453022956848 2.828553438186646 3.046929359436035 
meshcount = 1
material0 = leavesTreeA
[node 29]
type = null
name = treeGrp9
parent = -1
matrixRow0 = -0.9574676915831699 -0.01458588733972657 -0.8420807487729151 0
matrixRow1 = 0.04398806426029369 1.297354249003368 -0.07248736341395094 0
matrixRow2 = 1.049151302454875 -0.1021255188618505 -1.191143350363904 0
matrixRow3 = 151.4078079768848 -1.310322999954224 -23.84822838313228 1
[node 30]
type = model
name = treeTrunk
parent = 29
matrixRow0 = 1 0 -0 0
matrixRow1 = 0 1 6.938893903907228e-018 0
matrixRow2 = 0 -6.938893903907228e-018 1 0
matrixRow3 = 0 0 -0 1
BoundingBoxCenter = 0.1371530294418335 3.409468472003937 -0.1156883239746094 
BoundingBoxHalf = 2.097625851631165 3.413734138011932 1.960325241088867 
meshcount = 1
material0 = barkTreeA
[node 31]
type = model
name = treeLeaves
parent = 29
matrixRow0 = 1 0 -0 0
matrixRow1 = 0 1 6.938893903907228e-018 0
matrixRow2 = 0 -6.938893903907228e-018 1 0
matrixRow3 = 0 0 -0 1
BoundingBoxCenter = -1.192092895507813e-007 4.645584344863892 -0 
BoundingBoxHalf = 3.396453022956848 2.828553438186646 3.046929359436035 
meshcount = 1
material0 = leavesTreeA
[node 32]
type = null
name = treeGrp10
parent = -1
matrixRow0 = 0.8052544574951404 -0.02292026932945068 -1.420610679353231 0
matrixRow1 = 0.006736789232971501 1.433566722458851 -0.01931064310591321 0
matrixRow2 = 1.249891575032957 0.003669095803550056 0.7084253836350752 0
matrixRow3 = 124.6305365336041 -1.310322999954238 -59.09931990340058 1
[node 33]
type = model
name = treeTrunk
parent = 32
matrixRow0 = 0.9999999999999999 -3.469446951953614e-018 -0 0
matrixRow1 = 3.469446951953614e-018 0.9999999999999999 1.734723475976807e-018 0
matrixRow2 = -6.018531076210113e-036 -1.734723475976807e-018 0.9999999999999998 0
matrixRow3 = 0 0 -0 1
BoundingBoxCenter = 0.1371530294418335 3.409468472003937 -0.1156883239746094 
BoundingBoxHalf = 2.097625851631165 3.413734138011932 1.960325241088867 
meshcount = 1
material0 = barkTreeA
[node 34]
type = model
name = treeLeaves
parent = 32
matrixRow0 = 0.9999999999999999 -3.469446951953614e-018 -0 0
matrixRow1 = 3.469446951953614e-018 0.9999999999999999 1.734723475976807e-018 0
matrixRow2 = -6.018531076210113e-036 -1.734723475976807e-018 0.9999999999999998 0
matrixRow3 = 0 0 -0 1
BoundingBoxCenter = -1.192092895507813e-007 4.645584344863892 -0 
BoundingBoxHalf = 3.396453022956848 2.828553438186646 3.046929359436035 
meshcount = 1
material0 = leavesTreeA
[node 35]
type = null
name = treeGrp11
parent = -1
matrixRow0 = -0.3421400877470229 -0.001974208550419097 -1.426437310364076 0
matrixRow1 = 0.01844990856656425 1.360065985736282 -0.006307677995163429 0
matrixRow2 = 1.514159418671939 -0.02222446310536669 -0.3631500360223284 0
matrixRow3 = 127.0032061551606 -1.310322999954238 -76.04696005737571 1
[node 36]
type = model
name = treeTrunk
parent = 35
matrixRow0 = 0.9999999999999999 -1.734723475976807e-018 -2.775557561562891e-017 0
matrixRow1 = 1.734723475976808e-018 1 3.252606517456513e-018 0
matrixRow2 = 2.775557561562892e-017 -3.252606517456513e-018 1 0
matrixRow3 = 0 0 -0 1
BoundingBoxCenter = 0.1371530294418335 3.409468472003937 -0.1156883239746094 
BoundingBoxHalf = 2.097625851631165 3.413734138011932 1.960325241088867 
meshcount = 1
material0 = barkTreeA
[node 37]
type = model
name = treeLeaves
parent = 35
matrixRow0 = 0.9999999999999999 -1.734723475976807e-018 -2.775557561562891e-017 0
matrixRow1 = 1.734723475976808e-018 1 3.252606517456513e-018 0
matrixRow2 = 2.775557561562892e-017 -3.252606517456513e-018 1 0
matrixRow3 = 0 0 -0 1
BoundingBoxCenter = -1.192092895507813e-007 4.645584344863892 -0 
BoundingBoxHalf = 3.396453022956848 2.828553438186646 3.046929359436035 
meshcount = 1
material0 = leavesTreeA
[node 38]
type = null
name = treeGrp12
parent = -1
matrixRow0 = -0.3073009336484972 -0.0178178710698459 -1.503696909759415 0
matrixRow1 = -0.07814739387638636 1.361241763278681 -0.0001593826063107347 0
matrixRow2 = 1.702768615306354 0.09771319549608723 -0.3491417871399175 0
matrixRow3 = 94.29426065798862 -1.310322999954238 -72.82690842812043 1
[node 39]
type = model
name = treeTrunk
parent = 38
matrixRow0 = 1 1.355252715606881e-019 -0 0
matrixRow1 = -1.35525271560688e-019 1 8.602466612314676e-018 0
matrixRow2 = 1.165851623725698e-036 -8.602466612314676e-018 1 0
matrixRow3 = 0 0 -0 1
BoundingBoxCenter = 0.1371530294418335 3.409468472003937 -0.1156883239746094 
BoundingBoxHalf = 2.097625851631165 3.413734138011932 1.960325241088867 
meshcount = 1
material0 = barkTreeA
[node 40]
type = model
name = treeLeaves
parent = 38
matrixRow0 = 1 1.355252715606881e-019 -0 0
matrixRow1 = -1.35525271560688e-019 1 8.602466612314676e-018 0
matrixRow2 = 1.165851623725698e-036 -8.602466612314676e-018 1 0
matrixRow3 = 0 0 -0 1
BoundingBoxCenter = -1.192092895507813e-007 4.645584344863892 -0 
BoundingBoxHalf = 3.396453022956848 2.828553438186646 3.046929359436035 
meshcount = 1
material0 = leavesTreeA
[node 41]
type = null
name = treeGrp13
parent = -1
matrixRow0 = -1.418183684227648 -0.0577827948799345 -0.4057300489548094 0
matrixRow1 = -0.04520745033697591 1.25580283313781 -0.0208299312934377 0
matrixRow2 = 0.4625699838795197 -0.01014284270147763 -1.615416762550569 0
matrixRow3 = 59.01511586462392 -1.310322999954238 -59.0062125296889 1
[node 42]
type = model
name = treeTrunk
parent = 41
matrixRow0 = 1 -3.469446951953614e-018 -5.551115123125783e-017 0
matrixRow1 = 3.469446951953613e-018 1 -3.469446951953614e-018 0
matrixRow2 = 5.551115123125781e-017 3.469446951953614e-018 0.9999999999999999 0
matrixRow3 = 0 0 -0 1
BoundingBoxCenter = 0.1371530294418335 3.409468472003937 -0.1156883239746094 
BoundingBoxHalf = 2.097625851631165 3.413734138011932 1.960325241088867 
meshcount = 1
material0 = barkTreeA
[node 43]
type = model
name = treeLeaves
parent = 41
matrixRow0 = 1 -3.469446951953614e-018 -5.551115123125783e-017 0
matrixRow1 = 3.469446951953613e-018 1 -3.469446951953614e-018 0
matrixRow2 = 5.551115123125781e-017 3.469446951953614e-018 0.9999999999999999 0
matrixRow3 = 0 0 -0 1
BoundingBoxCenter = -1.192092895507813e-007 4.645584344863892 -0 
BoundingBoxHalf = 3.396453022956848 2.828553438186646 3.046929359436035 
meshcount = 1
material0 = leavesTreeA
[node 44]
type = null
name = treeGrp14
parent = -1
matrixRow0 = -0.9234679649404426 0.03302024129355118 0.8212139548196734 0
matrixRow1 = -0.03723743661487908 1.769234938998831 -0.1130133552363259 0
matrixRow2 = -0.9376222821072823 -0.08686123850401138 -1.050878344944184 0
matrixRow3 = 39.73888211154837 -1.310322999954238 -52.64141836593755 1
[node 45]
type = model
name = treeTrunk
parent = 44
matrixRow0 = 0.9999999999999999 0 -0 0
matrixRow1 = -0 1 -1.387778780781446e-017 0
matrixRow2 = 0 1.387778780781446e-017 1 0
matrixRow3 = 0 0 -0 1
BoundingBoxCenter = 0.1371530294418335 3.409468472003937 -0.1156883239746094 
BoundingBoxHalf = 2.097625851631165 3.413734138011932 1.960325241088867 
meshcount = 1
material0 = barkTreeA
[node 46]
type = model
name = treeLeaves
parent = 44
matrixRow0 = 0.9999999999999999 0 -0 0
matrixRow1 = -0 1 -1.387778780781446e-017 0
matrixRow2 = 0 1.387778780781446e-017 1 0
matrixRow3 = 0 0 -0 1
BoundingBoxCenter = -1.192092895507813e-007 4.645584344863892 -0 
BoundingBoxHalf = 3.396453022956848 2.828553438186646 3.046929359436035 
meshcount = 1
material0 = leavesTreeA
[node 47]
type = null
name = treeGrp15
parent = -1
matrixRow0 = -0.4303251909418907 0.03136996453223181 -1.565515008734248 0
matrixRow1 = 0.06642215814483141 1.355270354169494 0.008899087506480875 0
matrixRow2 = 1.233234918044136 -0.05820761436902119 -0.3401551690088003 0
matrixRow3 = 25.55448368947392 -1.310322999954238 -46.45847546400766 1
[node 48]
type = model
name = treeTrunk
parent = 47
matrixRow0 = 0.9999999999999999 6.938893903907228e-018 -0 0
matrixRow1 = -6.938893903907232e-018 1 5.421010862427522e-018 0
matrixRow2 = 3.76158192263132e-035 -5.421010862427521e-018 1 0
matrixRow3 = 0 0 -0 1
BoundingBoxCenter = 0.1371530294418335 3.409468472003937 -0.1156883239746094 
BoundingBoxHalf = 2.097625851631165 3.413734138011932 1.960325241088867 
meshcount = 1
material0 = barkTreeA
[node 49]
type = model
name = treeLeaves
parent = 47
matrixRow0 = 0.9999999999999999 6.938893903907228e-018 -0 0
matrixRow1 = -6.938893903907232e-018 1 5.421010862427522e-018 0
matrixRow2 = 3.76158192263132e-035 -5.421010862427521e-018 1 0
matrixRow3 = 0 0 -0 1
BoundingBoxCenter = -1.192092895507813e-007 4.645584344863892 -0 
BoundingBoxHalf = 3.396453022956848 2.828553438186646 3.046929359436035 
meshcount = 1
material0 = leavesTreeA
[node 50]
type = null
name = treeGrp16
parent = -1
matrixRow0 = -0.7425004268474884 0.02424773062543353 1.030620971753566 0
matrixRow1 = -0.05033033300341378 1.749300793412645 -0.07741630565132335 0
matrixRow2 = -1.153100813323431 -0.06986876977422502 -0.8290959629206296 0
matrixRow3 = 63.08562607718208 5.691288948059082 -21.61283280353103 1
[node 51]
type = model
name = treeTrunk
parent = 50
matrixRow0 = 1 0 -5.551115123125783e-017 0
matrixRow1 = -0 0.9999999999999998 -0 0
matrixRow2 = 5.551115123125782e-017 0 0.9999999999999998 0
matrixRow3 = 0 0 -0 1
BoundingBoxCenter = 0.1371530294418335 3.409468472003937 -0.1156883239746094 
BoundingBoxHalf = 2.097625851631165 3.413734138011932 1.960325241088867 
meshcount = 1
material0 = barkTreeA
[node 52]
type = model
name = treeLeaves
parent = 50
matrixRow0 = 1 0 -5.551115123125783e-017 0
matrixRow1 = -0 0.9999999999999998 -0 0
matrixRow2 = 5.551115123125782e-017 0 0.9999999999999998 0
matrixRow3 = 0 0 -0 1
BoundingBoxCenter = -1.192092895507813e-007 4.645584344863892 -0 
BoundingBoxHalf = 3.396453022956848 2.828553438186646 3.046929359436035 
meshcount = 1
material0 = leavesTreeA
[node 53]
type = null
name = treeGrp17
parent = -1
matrixRow0 = -0.2404975505975259 -0.01980588176322778 -1.511243827433299 0
matrixRow1 = -0.1097580176665582 1.363335737870735 -0.0004006845286057472 0
matrixRow2 = 1.797705011189184 0.1446431305603045 -0.2879802906251047 0
matrixRow3 = 89.95336346928403 5.691288948059082 -34.46431205160121 1
[node 54]
type = model
name = treeTrunk
parent = 53
matrixRow0 = 1 1.355252715606881e-018 2.775557561562891e-017 0
matrixRow1 = -1.355252715606881e-018 1 1.448765152983755e-017 0
matrixRow2 = -2.77555756156289e-017 -1.448765152983755e-017 1 0
matrixRow3 = 0 0 -0 1
BoundingBoxCenter = 0.1371530294418335 3.409468472003937 -0.1156883239746094 
BoundingBoxHalf = 2.097625851631165 3.413734138011932 1.960325241088867 
meshcount = 1
material0 = barkTreeA
[node 55]
type = model
name = treeLeaves
parent = 53
matrixRow0 = 1 1.355252715606881e-018 2.775557561562891e-017 0
matrixRow1 = -1.355252715606881e-018 1 1.448765152983755e-017 0
matrixRow2 = -2.77555756156289e-017 -1.448765152983755e-017 1 0
matrixRow3 = 0 0 -0 1
BoundingBoxCenter = -1.192092895507813e-007 4.645584344863892 -0 
BoundingBoxHalf = 3.396453022956848 2.828553438186646 3.046929359436035 
meshcount = 1
material0 = leavesTreeA
[node 56]
type = null
name = treeGrp18
parent = -1
matrixRow0 = 0.03120479794567229 -0.0003994584083019353 -1.261226960238509 0
matrixRow1 = 0.1258373059573401 1.379931743347684 0.002676363949613974 0
matrixRow2 = 1.48522171313431 -0.1355101530820129 0.0367897100171135 0
matrixRow3 = 123.999720534352 5.691288948059082 -15.29930024353332 1
[node 57]
type = model
name = treeTrunk
parent = 56
matrixRow0 = 1.000000000000001 4.336808689942018e-019 -3.469446951953614e-018 0
matrixRow1 = -4.336808689942015e-019 0.9999999999999999 -2.030846194336911e-017 0
matrixRow2 = 3.469446951953613e-018 2.030846194336911e-017 1 0
matrixRow3 = 0 0 -0 1
BoundingBoxCenter = 0.1371530294418335 3.409468472003937 -0.1156883239746094 
BoundingBoxHalf = 2.097625851631165 3.413734138011932 1.960325241088867 
meshcount = 1
material0 = barkTreeA
[node 58]
type = model
name = treeLeaves
parent = 56
matrixRow0 = 1.000000000000001 4.336808689942018e-019 -3.469446951953614e-018 0
matrixRow1 = -4.336808689942015e-019 0.9999999999999999 -2.030846194336911e-017 0
matrixRow2 = 3.469446951953613e-018 2.030846194336911e-017 1 0
matrixRow3 = 0 0 -0 1
BoundingBoxCenter = -1.192092895507813e-007 4.645584344863892 -0 
BoundingBoxHalf = 3.396453022956848 2.828553438186646 3.046929359436035 
meshcount = 1
material0 = leavesTreeA
[node 59]
type = null
name = treeGrp19
parent = -1
matrixRow0 = -0.0477630988895664 -0.001597665852059952 1.262757451309321 0
matrixRow1 = -0.1876217170888083 1.683899769901566 -0.004966183695829575 0
matrixRow2 = -1.643345827587342 -0.1832871613550142 -0.06239054129511506 0
matrixRow3 = 126.2404784645663 5.691288948059082 5.538580932619549 1
[node 60]
type = model
name = treeTrunk
parent = 59
matrixRow0 = 1 4.336808689942018e-019 -6.938893903907228e-018 0
matrixRow1 = -4.33680868994202e-019 1 -3.083199928005653e-017 0
matrixRow2 = 6.938893903907225e-018 3.083199928005652e-017 1 0
matrixRow3 = 0 0 -0 1
BoundingBoxCenter = 0.1371530294418335 3.409468472003937 -0.1156883239746094 
BoundingBoxHalf = 2.097625851631165 3.413734138011932 1.960325241088867 
meshcount = 1
material0 = barkTreeA
[node 61]
type = model
name = treeLeaves
parent = 59
matrixRow0 = 1 4.336808689942018e-019 -6.938893903907228e-018 0
matrixRow1 = -4.33680868994202e-019 1 -3.083199928005653e-017 0
matrixRow2 = 6.938893903907225e-018 3.083199928005652e-017 1 0
matrixRow3 = 0 0 -0 1
BoundingBoxCenter = -1.192092895507813e-007 4.645584344863892 -0 
BoundingBoxHalf = 3.396453022956848 2.828553438186646 3.046929359436035 
meshcount = 1
material0 = leavesTreeA
[node 62]
type = null
name = treeGrp20
parent = -1
matrixRow0 = 0.9282285795411882 -0.03376892794159884 1.4416633415186 0
matrixRow1 = 0.1287331795397556 1.628934188022675 -0.04473059230259383 0
matrixRow2 = -1.179437533488553 0.1141362161612705 0.7620654922594106 0
matrixRow3 = 112.4924997223279 5.691288948059082 24.44047241639902 1
[node 63]
type = model
name = treeTrunk
parent = 62
matrixRow0 = 1 -6.938893903907228e-018 1.110223024625157e-016 0
matrixRow1 = 6.93889390390723e-018 1 -6.938893903907228e-018 0
matrixRow2 = -1.110223024625157e-016 6.938893903907228e-018 1 0
matrixRow3 = 0 0 -0 1
BoundingBoxCenter = 0.1371530294418335 3.409468472003937 -0.1156883239746094 
BoundingBoxHalf = 2.097625851631165 3.413734138011932 1.960325241088867 
meshcount = 1
material0 = barkTreeA
[node 64]
type = model
name = treeLeaves
parent = 62
matrixRow0 = 1 -6.938893903907228e-018 1.110223024625157e-016 0
matrixRow1 = 6.93889390390723e-018 1 -6.938893903907228e-018 0
matrixRow2 = -1.110223024625157e-016 6.938893903907228e-018 1 0
matrixRow3 = 0 0 -0 1
BoundingBoxCenter = -1.192092895507813e-007 4.645584344863892 -0 
BoundingBoxHalf = 3.396453022956848 2.828553438186646 3.046929359436035 
meshcount = 1
material0 = leavesTreeA
[node 65]
type = null
name = treeGrp21
parent = -1
matrixRow0 = -0.02700945422533545 0.0001619396433188402 -1.744800068224951 0
matrixRow1 = -0.07329344262063833 1.379779134283927 0.001262641413457388 0
matrixRow2 = 1.513498083423519 0.08041798506730148 -0.02342144242699191 0
matrixRow3 = 112.4924997223279 5.691288948059082 24.44047241639902 1
[node 66]
type = model
name = treeTrunk
parent = 65
matrixRow0 = 1 0 6.938893903907228e-018 0
matrixRow1 = -4.312888773166973e-035 1 6.215527766952056e-018 0
matrixRow2 = -6.938893903907232e-018 -6.215527766952059e-018 1 0
matrixRow3 = 0 0 -0 1
BoundingBoxCenter = 0.1371530294418335 3.409468472003937 -0.1156883239746094 
BoundingBoxHalf = 2.097625851631165 3.413734138011932 1.960325241088867 
meshcount = 1
material0 = barkTreeA
[node 67]
type = model
name = treeLeaves
parent = 65
matrixRow0 = 1 0 6.938893903907228e-018 0
matrixRow1 = -4.312888773166973e-035 1 6.215527766952056e-018 0
matrixRow2 = -6.938893903907232e-018 -6.215527766952059e-018 1 0
matrixRow3 = 0 0 -0 1
BoundingBoxCenter = -1.192092895507813e-007 4.645584344863892 -0 
BoundingBoxHalf = 3.396453022956848 2.828553438186646 3.046929359436035 
meshcount = 1
material0 = leavesTreeA
[node 68]
type = null
name = treeGrp22
parent = -1
matrixRow0 = 0.6114153218360264 0.006537327614238257 -1.34812600408195 0
matrixRow1 = 0.005625968814834115 1.424859748518562 0.009460969134449618 0
matrixRow2 = 1.433994429405965 -0.009980054892775932 0.6503108166620473 0
matrixRow3 = 75.30655507571998 5.691288948059082 25.64770427642392 1
[node 69]
type = model
name = treeTrunk
parent = 68
matrixRow0 = 1 8.673617379884036e-019 -0 0
matrixRow1 = -8.673617379884034e-019 1 -8.673617379884036e-019 0
matrixRow2 = -7.523163845262638e-037 8.673617379884036e-019 1 0
matrixRow3 = 0 0 -0 1
BoundingBoxCenter = 0.1371530294418335 3.409468472003937 -0.1156883239746094 
BoundingBoxHalf = 2.097625851631165 3.413734138011932 1.960325241088867 
meshcount = 1
material0 = barkTreeA
[node 70]
type = model
name = treeLeaves
parent = 68
matrixRow0 = 1 8.673617379884036e-019 -0 0
matrixRow1 = -8.673617379884034e-019 1 -8.673617379884036e-019 0
matrixRow2 = -7.523163845262638e-037 8.673617379884036e-019 1 0
matrixRow3 = 0 0 -0 1
BoundingBoxCenter = -1.192092895507813e-007 4.645584344863892 -0 
BoundingBoxHalf = 3.396453022956848 2.828553438186646 3.046929359436035 
meshcount = 1
material0 = leavesTreeA
[node 71]
type = null
name = treeGrp23
parent = -1
matrixRow0 = -1.258039676489963 -0.00946254392294292 -1.132985300993207 0
matrixRow1 = -0.04835916883796247 1.299673950858969 0.04284215446764839 0
matrixRow2 = 1.044665272337899 0.07712888973565533 -1.160615407460617 0
matrixRow3 = 62.87384334419805 5.691288948059082 16.10135048521271 1
[node 72]
type = model
name = treeTrunk
parent = 71
matrixRow0 = 0.9999999999999999 -6.938893903907228e-018 1.110223024625157e-016 0
matrixRow1 = 6.93889390390723e-018 1 -3.469446951953614e-018 0
matrixRow2 = -1.110223024625157e-016 3.469446951953615e-018 1 0
matrixRow3 = 0 0 -0 1
BoundingBoxCenter = 0.1371530294418335 3.409468472003937 -0.1156883239746094 
BoundingBoxHalf = 2.097625851631165 3.413734138011932 1.960325241088867 
meshcount = 1
material0 = barkTreeA
[node 73]
type = model
name = treeLeaves
parent = 71
matrixRow0 = 0.9999999999999999 -6.938893903907228e-018 1.110223024625157e-016 0
matrixRow1 = 6.93889390390723e-018 1 -3.469446951953614e-018 0
matrixRow2 = -1.110223024625157e-016 3.469446951953615e-018 1 0
matrixRow3 = 0 0 -0 1
BoundingBoxCenter = -1.192092895507813e-007 4.645584344863892 -0 
BoundingBoxHalf = 3.396453022956848 2.828553438186646 3.046929359436035 
meshcount = 1
material0 = leavesTreeA
[node 74]
type = null
name = bushGrp1
parent = -1
matrixRow0 = -0.3772997180639008 0.004403046436235518 0.5424474576186028 0
matrixRow1 = 0.04685538605207635 0.6312074180684487 0.02746678625793779 0
matrixRow2 = -0.76770024426192 0.08025150529768375 -0.534625856843666 0
matrixRow3 = 35.9597963561726 -1.310322999954224 30.19675842673167 1
[node 75]
type = model
name = bush
parent = 74
matrixRow0 = 1 2.081668171172169e-017 -5.551115123125783e-017 0
matrixRow1 = -2.081668171172169e-017 1 3.469446951953614e-018 0
matrixRow2 = 5.55111512312578e-017 -3.469446951953612e-018 0.9999999999999998 0
matrixRow3 = 0 0 -0 1
BoundingBoxCenter = 0 1.787436962127686 -0 
BoundingBoxHalf = 1.98231840133667 1.921658039093018 2.030847549438477 
meshcount = 1
material0 = PRP_ShrubSmall_DM_A
[node 76]
type = null
name = bushGrp2
parent = -1
matrixRow0 = 0.5417520458619156 -0.01562626699091226 0.788733335331934 0
matrixRow1 = -0.02687006232977095 1.060748811380343 0.03947145883394258 0
matrixRow2 = -0.9639345116718986 -0.04901853995893775 0.6611201703080122 0
matrixRow3 = 26.52441444774082 -1.310322999954224 44.19430301616342 1
[node 77]
type = model
name = bush
parent = 76
matrixRow0 = 1 -6.938893903907228e-018 -0 0
matrixRow1 = 6.93889390390723e-018 1 3.469446951953614e-018 0
matrixRow2 = -2.407412430484044e-035 -3.469446951953613e-018 1 0
matrixRow3 = 0 0 -0 1
BoundingBoxCenter = 0 1.787436962127686 -0 
BoundingBoxHalf = 1.98231840133667 1.921658039093018 2.030847549438477 
meshcount = 1
material0 = PRP_ShrubSmall_DM_A
[node 78]
type = null
name = bushGrp3
parent = -1
matrixRow0 = 0.1120325408298728 -0.001580897951969778 -0.7899924842150399 0
matrixRow1 = 0.09164468915229057 1.042691477340142 0.01090997538640576 0
matrixRow2 = 0.5959522404399843 -0.05326510876160159 0.08462137519893469 0
matrixRow3 = 30.46446403587717 -1.310322999954224 47.09749744952704 1
[node 79]
type = model
name = bush
parent = 78
matrixRow0 = 1 -1.734723475976807e-018 -2.775557561562891e-017 0
matrixRow1 = 1.734723475976808e-018 1 2.081668171172169e-017 0
matrixRow2 = 2.775557561562891e-017 -2.081668171172168e-017 1 0
matrixRow3 = 0 0 -0 1
BoundingBoxCenter = 0 1.787436962127686 -0 
BoundingBoxHalf = 1.98231840133667 1.921658039093018 2.030847549438477 
meshcount = 1
material0 = PRP_ShrubSmall_DM_A
[node 80]
type = null
name = bushGrp4
parent = -1
matrixRow0 = -0.1357222377123308 -0.0005211886186610234 0.6300746577924828 0
matrixRow1 = 0.01691812982545913 0.6686527076022301 0.00419737659045672 0
matrixRow2 = -0.9306997304779511 0.02480674620933045 -0.2004583417264481 0
matrixRow3 = 49.43891336821799 -1.310322999954224 47.09749744952704 1
[node 81]
type = model
name = bush
parent = 80
matrixRow0 = 1 0 -0 0
matrixRow1 = 0 0.9999999999999998 6.505213034913027e-019 0
matrixRow2 = 0 -6.505213034913031e-019 1 0
matrixRow3 = 0 0 -0 1
BoundingBoxCenter = 0 1.787436962127686 -0 
BoundingBoxHalf = 1.98231840133667 1.921658039093018 2.030847549438477 
meshcount = 1
material0 = PRP_ShrubSmall_DM_A
[node 82]
type = null
name = bushGrp5
parent = -1
matrixRow0 = 0.4100653547319969 -0.01167184892384259 -0.7234275038689388 0
matrixRow1 = 0.00341850032780618 0.727445692774926 -0.009798946872885161 0
matrixRow2 = 0.8002331225024432 0.002349109354991893 0.453563707549064 0
matrixRow3 = 63.12540141121793 -1.310322999954224 50.93386152218611 1
[node 83]
type = model
name = bush
parent = 82
matrixRow0 = 1 1.734723475976807e-018 -1.110223024625157e-016 0
matrixRow1 = -1.734723475976807e-018 1 -8.673617379884036e-019 0
matrixRow2 = 1.110223024625156e-016 8.673617379884036e-019 1 0
matrixRow3 = 0 0 -0 1
BoundingBoxCenter = 0 1.787436962127686 -0 
BoundingBoxHalf = 1.98231840133667 1.921658039093018 2.030847549438477 
meshcount = 1
material0 = PRP_ShrubSmall_DM_A
[node 84]
type = null
name = bushGrp6
parent = -1
matrixRow0 = -0.1683256008346816 -0.009759826687859359 -0.8236573927823668 0
matrixRow1 = -0.03591259739768369 0.6255579998338502 -7.324420033360166e-005 0
matrixRow2 = 1.01718888228964 0.0583712755909186 -0.2085680585307024 0
matrixRow3 = 88.83940924958142 -1.310322999954224 61.30241306991334 1
[node 85]
type = model
name = bush
parent = 84
matrixRow0 = 1 -1.301042606982605e-018 2.775557561562891e-017 0
matrixRow1 = 1.301042606982605e-018 0.9999999999999999 -1.384051835813527e-018 0
matrixRow2 = -2.775557561562891e-017 1.384051835813527e-018 0.9999999999999998 0
matrixRow3 = 0 0 -0 1
BoundingBoxCenter = 0 1.787436962127686 -0 
BoundingBoxHalf = 1.98231840133667 1.921658039093018 2.030847549438477 
meshcount = 1
material0 = PRP_ShrubSmall_DM_A
[node 86]
type = null
name = bushGrp7
parent = -1
matrixRow0 = -0.7356927481252045 0.02630600408816211 0.654230762903635 0
matrixRow1 = -0.0152105236092139 0.7226864214153487 -0.04616301400542026 0
matrixRow2 = -0.4318110161644899 -0.04000293122239566 -0.4839697761616165 0
matrixRow3 = 105.3254062104677 -1.310322999954224 74.885215597436 1
[node 87]
type = model
name = bush
parent = 86
matrixRow0 = 0.9999999999999998 -1.387778780781446e-017 -1.110223024625157e-016 0
matrixRow1 = 1.387778780781446e-017 1 -6.938893903907228e-018 0
matrixRow2 = 1.110223024625157e-016 6.938893903907227e-018 1 0
matrixRow3 = 0 0 -0 1
BoundingBoxCenter = 0 1.787436962127686 -0 
BoundingBoxHalf = 1.98231840133667 1.921658039093018 2.030847549438477 
meshcount = 1
material0 = PRP_ShrubSmall_DM_A
[node 88]
type = null
name = bushGrp8
parent = -1
matrixRow0 = -0.5222571885744947 0.01705527858013167 0.7249143458128797 0
matrixRow1 = -0.02111432831183732 0.7338578758413317 -0.03247729940711336 0
matrixRow2 = -0.9589071181507579 -0.05810217103207337 -0.6894679210079209 0
matrixRow3 = 107.9175440973995 -1.310322999954224 71.98202116407239 1
[node 89]
type = model
name = bush
parent = 88
matrixRow0 = 1 -6.938893903907228e-018 -5.551115123125783e-017 0
matrixRow1 = 6.938893903907227e-018 1 3.469446951953614e-018 0
matrixRow2 = 5.551115123125782e-017 -3.469446951953614e-018 1 0
matrixRow3 = 0 0 -0 1
BoundingBoxCenter = 0 1.787436962127686 -0 
BoundingBoxHalf = 1.98231840133667 1.921658039093018 2.030847549438477 
meshcount = 1
material0 = PRP_ShrubSmall_DM_A
[node 90]
type = null
name = bushGrp9
parent = -1
matrixRow0 = 0.01566395956824404 -0.0002005172527548577 -0.6331016193711716 0
matrixRow1 = 0.09568272374503495 1.049256631658199 0.00203502284544218 0
matrixRow2 = 1.010443370967452 -0.09219184898094895 0.02502920491793641 0
matrixRow3 = 114.8644736343768 -1.310322999954224 60.99135652348152 1
[node 91]
type = model
name = bush
parent = 90
matrixRow0 = 1 0 -3.469446951953614e-018 0
matrixRow1 = 4.890056499420715e-036 1 1.409462824231156e-018 0
matrixRow2 = 3.469446951953614e-018 -1.409462824231156e-018 1 0
matrixRow3 = 0 0 -0 1
BoundingBoxCenter = 0 1.787436962127686 -0 
BoundingBoxHalf = 1.98231840133667 1.921658039093018 2.030847549438477 
meshcount = 1
material0 = PRP_ShrubSmall_DM_A
[node 92]
type = null
name = bushGrp10
parent = -1
matrixRow0 = 0.5970386687217725 -0.02172024889858394 0.9272810395373673 0
matrixRow1 = 0.05894904689109151 0.7459158406213093 -0.02048287622925985 0
matrixRow2 = -0.7361946269879008 0.07124283117743636 0.4756746371762918 0
matrixRow3 = 131.8688981726494 -1.310322999954224 49.89700636741339 1
[node 93]
type = model
name = bush
parent = 92
matrixRow0 = 1 -1.387778780781446e-017 -0 0
matrixRow1 = 1.387778780781446e-017 1 8.673617379884036e-018 0
matrixRow2 = -1.203706215242022e-034 -8.673617379884036e-018 1 0
matrixRow3 = 0 0 -0 1
BoundingBoxCenter = 0 1.787436962127686 -0 
BoundingBoxHalf = 1.98231840133667 1.921658039093018 2.030847549438477 
meshcount = 1
material0 = PRP_ShrubSmall_DM_A
[node 94]
type = null
name = bushGrp11
parent = -1
matrixRow0 = 0.4346597878699481 0.00464743576511681 -0.9583929974090053 0
matrixRow1 = 0.002645408420256463 0.6699887789062776 0.004448678660654372 0
matrixRow2 = 0.8431853170487451 -0.00586824856245439 0.3823812149357961 0
matrixRow3 = 160.4861004443765 -1.310322999954224 11.32599460986812 1
[node 95]
type = model
name = bush
parent = 94
matrixRow0 = 1 1.734723475976807e-018 5.551115123125783e-017 0
matrixRow1 = -1.734723475976807e-018 1 1.301042606982605e-018 0
matrixRow2 = -5.551115123125784e-017 -1.301042606982606e-018 1 0
matrixRow3 = 0 0 -0 1
BoundingBoxCenter = 0 1.787436962127686 -0 
BoundingBoxHalf = 1.98231840133667 1.921658039093018 2.030847549438477 
meshcount = 1
material0 = PRP_ShrubSmall_DM_A
[node 96]
type = null
name = bushGrp12
parent = -1
matrixRow0 = 0.3152315506816228 -0.008240719151360492 -0.777846193435128 0
matrixRow1 = -0.02752597132692162 1.084025643124257 -0.02263970133413273 0
matrixRow2 = 0.6452730798296994 0.02184165839972491 0.2612733009563799 0
matrixRow3 = 155.4055101859902 -1.310322999954224 -17.29120766185901 1
[node 97]
type = model
name = bush
parent = 96
matrixRow0 = 1 0 -1.110223024625157e-016 0
matrixRow1 = -0 1 -0 0
matrixRow2 = 1.110223024625157e-016 0 1 0
matrixRow3 = 0 0 -0 1
BoundingBoxCenter = 0 1.787436962127686 -0 
BoundingBoxHalf = 1.98231840133667 1.921658039093018 2.030847549438477 
meshcount = 1
material0 = PRP_ShrubSmall_DM_A
[node 98]
type = null
name = bushGrp13
parent = -1
matrixRow0 = 0.03710300766803784 -0.001639522518004831 -0.8645295975966273 0
matrixRow1 = -0.01827839489188304 0.8364264313662615 -0.002370680425991195 0
matrixRow2 = 1.080969016361209 0.02375373549112658 0.04634688856243402 0
matrixRow3 = 153.5391709073993 -1.310322999954224 -26.72658957029079 1
[node 99]
type = model
name = bush
parent = 98
