// Created with FBXConvert.exe (Aug 20 2013 11:04:13)
[node 0]
type = null
name = marketStalls_Grp
parent = -1
matrixRow0 = 1 0 -0 0
matrixRow1 = -0 1 -0 0
matrixRow2 = 0 0 1 0
matrixRow3 = 0 0 -0 1
[node 1]
type = null
name = stall_J
parent = 0
matrixRow0 = 0.8850035064361511 0 0.4655843571209384 0
matrixRow1 = 0 1 -0 0
matrixRow2 = -0.4655843571209384 0 0.8850035064361511 0
matrixRow3 = 41.14153005374009 -1.311680330211173 38.58266890827132 1
[node 2]
type = model
name = polySurface3626
parent = 1
matrixRow0 = 1 0 -0 0
matrixRow1 = -0 1 -0 0
matrixRow2 = 0 0 1 0
matrixRow3 = 0 0 -0 1
BoundingBoxCenter = -1.834033966064453 1.035007119178772 -0.7463798522949219 
BoundingBoxHalf = 1.08941650390625 0.004855632781982422 0.6341552734375 
meshcount = 1
material0 = marketStallMaterial17
[node 3]
type = model
name = polySurface3649
parent = 1
matrixRow0 = 1 0 -0 0
matrixRow1 = -0 1 -0 0
matrixRow2 = 0 0 1 0
matrixRow3 = 0 0 -0 1
BoundingBoxCenter = 0.03590011596679688 0.1320854425430298 -0.7690849304199219 
BoundingBoxHalf = 0.5611572265625 0.02132797241210938 0.4940185546875 
meshcount = 1
material0 = marketStallMaterial10
[node 4]
type = model
name = polySurface3844
parent = 1
matrixRow0 = 1 0 -0 0
matrixRow1 = -0 1 -0 0
matrixRow2 = 0 0 1 0
matrixRow3 = 0 0 -0 1
BoundingBoxCenter = 1.623790740966797 0.4893531799316406 0.7685127258300781 
BoundingBoxHalf = 0.4017333984375 0.4889774322509766 0.4078369140625 
meshcount = 1
material0 = marketStallMaterial3
[node 5]
type = model
name = polySurface6899
parent = 1
matrixRow0 = 0.8850035064361511 0 -0.4655843571209384 0
matrixRow1 = -0 1 -0 0
matrixRow2 = 0.4655843571209384 0 0.8850035064361511 0
matrixRow3 = -54.37388545737579 1.311680330211173 -14.99094445044284 1
BoundingBoxCenter = 40.67941856384277 -0.8466619253158569 39.62251472473145 
BoundingBoxHalf = 0.4662609100341797 0.5414481163024902 0.4525585174560547 
meshcount = 1
material0 = marketStallMaterial19
[node 6]
type = model
name = polySurface6901
parent = 1
matrixRow0 = 0.8850035064361511 0 -0.4655843571209384 0
matrixRow1 = -0 1 -0 0
matrixRow2 = 0.4655843571209384 0 0.8850035064361511 0
matrixRow3 = -54.37388545737579 1.311680330211173 -14.99094445044284 1
BoundingBoxCenter = 42.95018577575684 -0.7479920983314514 39.13838005065918 
BoundingBoxHalf = 0.7450962066650391 0.5740416646003723 0.7571887969970703 
meshcount = 1
material0 = marketStallMaterial20
[node 7]
type = model
name = polySurface6906
parent = 1
matrixRow0 = 0.8850035064361511 0 -0.4655843571209384 0
matrixRow1 = -0 1 -0 0
matrixRow2 = 0.4655843571209384 0 0.8850035064361511 0
matrixRow3 = -54.37388545737579 1.311680330211173 -14.99094445044284 1
BoundingBoxCenter = 39.86878204345703 -0.7042196989059448 37.10358810424805 
BoundingBoxHalf = 1.389003753662109 0.6838750839233398 1.219776153564453 
meshcount = 1
material0 = marketStallMaterial22
[node 8]
type = model
name = polySurface6913
parent = 1
matrixRow0 = 0.8850035064361511 0 -0.4655843571209384 0
matrixRow1 = -0 1 -0 0
matrixRow2 = 0.4655843571209384 0 0.8850035064361511 0
matrixRow3 = -54.37388545737579 1.311680330211173 -14.99094445044284 1
BoundingBoxCenter = 38.9433650970459 -0.9165481328964233 38.17713356018066 
BoundingBoxHalf = 0.8985042572021484 0.3590850830078125 0.8010883331298828 
meshcount = 1
material0 = marketStallMaterial4
[node 9]
type = model
name = polySurface7057
parent = 1
matrixRow0 = 0.8850035064361511 0 -0.4655843571209384 0
matrixRow1 = -0 1 -0 0
matrixRow2 = 0.4655843571209384 0 0.8850035064361511 0
matrixRow3 = -54.37388545737579 1.311680330211173 -14.99094445044284 1
BoundingBoxCenter = 41.01292228698731 -0.2245969176292419 38.97074508666992 
BoundingBoxHalf = 3.065587997436523 1.151809632778168 2.527667999267578 
meshcount = 1
material0 = marketStallMaterial8
[node 10]
type = model
name = polySurface7063
parent = 1
matrixRow0 = 0.8850035064361511 0 -0.4655843571209384 0
matrixRow1 = -0 1 -0 0
matrixRow2 = 0.4655843571209384 0 0.8850035064361511 0
matrixRow3 = -54.37388545737579 1.311680330211173 -14.99094445044284 1
BoundingBoxCenter = 40.66561889648438 -0.4562157392501831 39.82976531982422 
BoundingBoxHalf = 2.73138427734375 0.8678321838378906 2.545452117919922 
meshcount = 1
material0 = marketStallMaterial6
[node 11]
type = model
name = polySurface7074
parent = 1
matrixRow0 = 0.8850035064361511 0 -0.4655843571209384 0
matrixRow1 = -0 1 -0 0
matrixRow2 = 0.4655843571209384 0 0.8850035064361511 0
matrixRow3 = -54.37388545737579 1.311680330211173 -14.99094445044284 1
BoundingBoxCenter = 40.35574722290039 -0.3102966547012329 39.21268081665039 
BoundingBoxHalf = 2.197990417480469 0.8542068004608154 1.791858673095703 
meshcount = 1
material0 = marketStallMaterial5
[node 12]
type = model
name = polySurface7199
parent = 1
matrixRow0 = 0.8850035064361511 0 -0.4655843571209384 0
matrixRow1 = -0 1 -0 0
matrixRow2 = 0.4655843571209384 0 0.8850035064361511 0
matrixRow3 = -54.37388545737579 1.311680330211173 -14.99094445044284 1
BoundingBoxCenter = 40.91594696044922 -0.4749141931533814 39.00956916809082 
BoundingBoxHalf = 1.920700073242188 0.6561267375946045 1.78599739074707 
meshcount = 1
material0 = marketStallMaterial23
[node 13]
type = null
name = stall_I
parent = 0
matrixRow0 = 1 0 -0 0
matrixRow1 = -0 1 -0 0
matrixRow2 = 0 0 1 0
matrixRow3 = 35.92004390873326 -1.311680330211173 -37.60086194056245 1
[node 14]
type = model
name = polySurface6724
parent = 13
matrixRow0 = 1 0 -0 0
matrixRow1 = -0 1 -0 0
matrixRow2 = 0 0 1 0
matrixRow3 = -35.92004390873326 1.311680330211173 37.60086194056245 1
BoundingBoxCenter = 35.45105743408203 -0.03145712614059448 -37.17965698242188 
BoundingBoxHalf = 1.73193359375 1.280571162700653 1.0224609375 
meshcount = 1
material0 = marketStallMaterial12
[node 15]
type = model
name = polySurface6742
parent = 13
matrixRow0 = 1 0 -0 0
matrixRow1 = -0 1 -0 0
matrixRow2 = 0 0 1 0
matrixRow3 = -35.92004390873326 1.311680330211173 37.60086194056245 1
BoundingBoxCenter = 35.97846221923828 0.2682179808616638 -37.63107299804688 
BoundingBoxHalf = 1.47296142578125 1.586731016635895 1.003173828125 
meshcount = 1
material0 = marketStallMaterial14
[node 16]
type = model
name = polySurface6743
parent = 13
matrixRow0 = 1 0 -0 0
matrixRow1 = -0 1 -0 0
matrixRow2 = 0 0 1 0
matrixRow3 = -35.92004390873326 1.311680330211173 37.60086194056245 1
BoundingBoxCenter = 35.95423126220703 1.058131158351898 -37.61813354492188 
BoundingBoxHalf = 1.426025390625 0.7923775315284729 0.96875 
meshcount = 1
material0 = marketStallMaterial15
[node 17]
type = model
name = polySurface6878
parent = 13
matrixRow0 = 1 0 -0 0
matrixRow1 = -0 1 -0 0
matrixRow2 = 0 0 1 0
matrixRow3 = -35.92004390873326 1.311680330211173 37.60086194056245 1
BoundingBoxCenter = 35.62494659423828 -0.06959080696105957 -37.32687377929688 
BoundingBoxHalf = 1.87017822265625 1.086496591567993 1.308349609375 
meshcount = 1
material0 = marketStallMaterial17
[node 18]
type = model
name = polySurface6894
parent = 13
matrixRow0 = 1 0 -0 0
matrixRow1 = -0 1 -0 0
matrixRow2 = 0 0 1 0
matrixRow3 = -35.92004390873326 1.311680330211173 37.60086194056245 1
BoundingBoxCenter = 35.57709503173828 0.156252920627594 -37.42184448242188 
BoundingBoxHalf = 1.84136962890625 1.217945039272308 1.2021484375 
meshcount = 1
material0 = marketStallMaterial18
[node 19]
type = model
name = polySurface6900
parent = 13
matrixRow0 = 1 0 -0 0
matrixRow1 = -0 1 -0 0
matrixRow2 = 0 0 1 0
matrixRow3 = -35.92004390873326 1.311680330211173 37.60086194056245 1
BoundingBoxCenter = 37.35138702392578 -1.17692768573761 -36.96408081054688 
BoundingBoxHalf = 0.16925048828125 0.1415252685546875 0.170166015625 
meshcount = 1
material0 = marketStallMaterial2
[node 20]
type = model
name = polySurface6904
parent = 13
matrixRow0 = 1 0 -0 0
matrixRow1 = -0 1 -0 0
matrixRow2 = 0 0 1 0
matrixRow3 = -35.92004390873326 1.311680330211173 37.60086194056245 1
BoundingBoxCenter = 36.62604522705078 -0.9469996690750122 -37.46505737304688 
BoundingBoxHalf = 0.32684326171875 0.1861343383789063 0.328369140625 
meshcount = 1
material0 = marketStallMaterial22
[node 21]
type = model
name = polySurface6912
parent = 13
matrixRow0 = 1 0 -0 0
matrixRow1 = -0 1 -0 0
matrixRow2 = 0 0 1 0
matrixRow3 = -35.92004390873326 1.311680330211173 37.60086194056245 1
BoundingBoxCenter = 36.92322540283203 -0.08875477313995361 -37.86862182617188 
BoundingBoxHalf = 0.1427001953125 0.1053991317749023 0.142578125 
meshcount = 1
material0 = marketStallMaterial23
[node 22]
type = model
name = polySurface6915
parent = 13
matrixRow0 = 1 0 -0 0
matrixRow1 = -0 1 -0 0
matrixRow2 = 0 0 1 0
matrixRow3 = -35.92004390873326 1.311680330211173 37.60086194056245 1
BoundingBoxCenter = 34.72888946533203 -0.4728035926818848 -36.55490112304688 
BoundingBoxHalf = 0.22509765625 0.1393451690673828 0.218505859375 
meshcount = 1
material0 = marketStallMaterial4
[node 23]
type = model
name = polySurface7076
parent = 13
matrixRow0 = 1 0 -0 0
matrixRow1 = -0 1 -0 0
matrixRow2 = 0 0 1 0
matrixRow3 = -35.92004390873326 1.311680330211173 37.60086194056245 1
BoundingBoxCenter = 35.82434844970703 -0.4635764360427856 -37.61788940429688 
BoundingBoxHalf = 0.90087890625 0.6826953887939453 0.412353515625 
meshcount = 1
material0 = marketStallMaterial5
[node 24]
type = model
name = polySurface7183
parent = 13
matrixRow0 = 1 0 -0 0
matrixRow1 = -0 1 -0 0
matrixRow2 = 0 0 1 0
matrixRow3 = -35.92004390873326 1.311680330211173 37.60086194056245 1
BoundingBoxCenter = 37.58930206298828 -0.6576396226882935 -37.56442260742188 
BoundingBoxHalf = 0.46356201171875 0.2652816772460938 0.474609375 
meshcount = 1
material0 = marketStallMaterial11
[node 25]
type = model
name = polySurface7184
parent = 13
matrixRow0 = 1 0 -0 0
matrixRow1 = -0 1 -0 0
matrixRow2 = 0 0 1 0
matrixRow3 = -35.92004390873326 1.311680330211173 37.60086194056245 1
BoundingBoxCenter = 37.60797882080078 -1.008877873420715 -37.56027221679688 
BoundingBoxHalf = 0.38262939453125 0.1847724914550781 0.382080078125 
meshcount = 1
material0 = marketStallMaterial10
[node 26]
type = model
name = polySurface7194
parent = 13
matrixRow0 = 1 0 -0 0
matrixRow1 = -0 1 -0 0
matrixRow2 = 0 0 1 0
matrixRow3 = -35.92004390873326 1.311680330211173 37.60086194056245 1
BoundingBoxCenter = 35.98151397705078 -0.5720115900039673 -37.05392456054688 
BoundingBoxHalf = 2.20648193359375 0.7464251518249512 1.017333984375 
meshcount = 1
material0 = marketStallMaterial8
[node 27]
type = model
name = polySurface7195
parent = 13
matrixRow0 = 1 0 -0 0
matrixRow1 = -0 1 -0 0
matrixRow2 = 0 0 1 0
matrixRow3 = -35.92004390873326 1.311680330211173 37.60086194056245 1
BoundingBoxCenter = 35.79413604736328 -0.2361710071563721 -37.07833862304688 
BoundingBoxHalf = 2.02642822265625 1.085535287857056 1.064697265625 
meshcount = 1
material0 = marketStallMaterial6
[node 28]
type = null
name = stall_G
parent = 0
matrixRow0 = 1 0 -0 0
matrixRow1 = -0 1 -0 0
matrixRow2 = 0 0 1 0
matrixRow3 = 22.15068585129266 -1.311680330211173 35.83199181826754 1
[node 29]
type = model
name = polySurface203
parent = 28
matrixRow0 = 1 0 -0 0
matrixRow1 = -0 1 -0 0
matrixRow2 = 0 0 1 0
matrixRow3 = 0 0 -0 1
BoundingBoxCenter = -0.07349395751953125 0.9862821102142334 0.1032575368881226 
BoundingBoxHalf = 0.9022216796875 0.1601905822753906 0.6044731140136719 
meshcount = 1
material0 = marketStallMaterial17
[node 30]
type = model
name = polySurface6726
parent = 28
matrixRow0 = 1 0 -0 0
matrixRow1 = -0 1 -0 0
matrixRow2 = 0 0 1 0
matrixRow3 = -22.15068585129266 1.311680330211173 -35.83199181826754 1
BoundingBoxCenter = 22.02085685729981 0.2696678638458252 35.96176147460938 
BoundingBoxHalf = 1.47296142578125 1.586738586425781 1.003284454345703 
meshcount = 1
material0 = marketStallMaterial14
[node 31]
type = model
name = polySurface6902
parent = 28
matrixRow0 = 1 0 -0 0
matrixRow1 = -0 1 -0 0
matrixRow2 = 0 0 1 0
matrixRow3 = -22.15068585129266 1.311680330211173 -35.83199181826754 1
BoundingBoxCenter = 21.99656486511231 1.059573411941528 35.97475433349609 
BoundingBoxHalf = 1.42596435546875 0.7923774719238281 0.9686546325683594 
meshcount = 1
material0 = marketStallMaterial21
[node 32]
type = null
name = stall_D
parent = 0
matrixRow0 = 1 0 -0 0
matrixRow1 = -0 1 -0 0
matrixRow2 = 0 0 1 0
matrixRow3 = 54.38282566904663 5.7 14.94732635348063 1
[node 33]
type = model
name = polySurface377
parent = 32
matrixRow0 = 1 0 -0 0
matrixRow1 = -0 1 -0 0
matrixRow2 = 0 0 1 0
matrixRow3 = 0 0 -0 1
BoundingBoxCenter = -0.156341552734375 1.2850341796875 0.1925895214080811 
BoundingBoxHalf = 0.34576416015625 0.190643310546875 0.8438892364501953 
meshcount = 1
material0 = marketStallMaterial17
[node 34]
type = model
name = polySurface6741
parent = 32
matrixRow0 = 1 0 -0 0
matrixRow1 = -0 1 -0 0
matrixRow2 = 0 0 1 0
matrixRow3 = -54.38282566904663 -5.7 -14.94732635348063 1
BoundingBoxCenter = 54.53971481323242 7.165958166122437 15.09350156784058 
BoundingBoxHalf = 1.07745361328125 1.47294545173645 1.601639270782471 
meshcount = 1
material0 = marketStallMaterial14
[node 35]
type = model
name = polySurface6898
parent = 32
matrixRow0 = 1 0 -0 0
matrixRow1 = -0 1 -0 0
matrixRow2 = 0 0 1 0
matrixRow3 = -54.38282566904663 -5.7 -14.94732635348063 1
BoundingBoxCenter = 54.54606246948242 7.238494396209717 15.10442209243774 
BoundingBoxHalf = 0.97943115234375 1.422046184539795 1.523120403289795 
meshcount = 1
material0 = marketStallMaterial18
[node 36]
type = model
name = polySurface6909
parent = 32
matrixRow0 = 1 0 -0 0
matrixRow1 = -0 1 -0 0
matrixRow2 = 0 0 1 0
matrixRow3 = -54.38282566904663 -5.7 -14.94732635348063 1
BoundingBoxCenter = 54.48081588745117 6.485584735870361 15.26589822769165 
BoundingBoxHalf = 0.57470703125 0.6508316993713379 1.101176738739014 
meshcount = 1
material0 = marketStallMaterial22
[node 37]
type = model
name = polySurface7073
parent = 32
matrixRow0 = 1 0 -0 0
matrixRow1 = -0 1 -0 0
matrixRow2 = 0 0 1 0
matrixRow3 = -54.38282566904663 -5.7 -14.94732635348063 1
BoundingBoxCenter = 54.36930465698242 7.150409698486328 15.09350061416626 
BoundingBoxHalf = 0.82196044921875 1.457304954528809 1.601638317108154 
meshcount = 1
material0 = marketStallMaterial6
[node 38]
type = model
name = polySurface7185
parent = 32
matrixRow0 = 1 0 -0 0
matrixRow1 = -0 1 -0 0
matrixRow2 = 0 0 1 0
matrixRow3 = -54.38282566904663 -5.7 -14.94732635348063 1
BoundingBoxCenter = 54.36930465698242 7.019351959228516 15.09350061416626 
BoundingBoxHalf = 0.82196044921875 1.326247215270996 1.601638317108154 
meshcount = 1
material0 = marketStallMaterial16
[node 39]
type = model
name = polySurface7186
parent = 32
matrixRow0 = 1 0 -0 0
matrixRow1 = -0 1 -0 0
matrixRow2 = 0 0 1 0
matrixRow3 = -54.38282566904663 -5.7 -14.94732635348063 1
BoundingBoxCenter = 54.54325485229492 7.910112857818604 15.10993671417236 
BoundingBoxHalf = 0.96905517578125 0.7399296760559082 1.491024971008301 
meshcount = 1
material0 = marketStallMaterial21
[node 40]
type = null
name = stall_A
parent = 0
matrixRow0 = 0.9212887945782157 0 -0.3888791033015509 0
matrixRow1 = -0 1 -0 0
matrixRow2 = 0.3888791033015509 0 0.9212887945782157 0
matrixRow3 = 65.06473387616855 5.7 24.97434229590307 1
[node 41]
type = model
name = polySurface2972
parent = 40
matrixRow0 = 1 0 5.551115123125783e-017 0
matrixRow1 = 0 1 -0 0
matrixRow2 = -5.551115123125783e-017 0 1 0
matrixRow3 = 0 0 -0 1
BoundingBoxCenter = -0.6719651222229004 0.3305115401744843 2.373394250869751 
BoundingBoxHalf = 0.45904541015625 0.05631256103515625 0.069580078125 
meshcount = 1
material0 = marketStallMaterial12
[node 42]
type = model
name = polySurface6725
parent = 40
matrixRow0 = 0.9212887945782157 0 0.3888791033015508 0
matrixRow1 = 0 1 -0 0
matrixRow2 = -0.3888791033015508 0 0.9212887945782157 0
matrixRow3 = -50.23141040475096 -5.7 -48.31089707549476 1
BoundingBoxCenter = 65.41610717773438 6.934755325317383 25.49542617797852 
BoundingBoxHalf = 1.075286865234375 0.2154159545898438 0.8186359405517578 
meshcount = 1
material0 = marketStallMaterial13
[node 43]
type = model
name = polySurface6895
parent = 40
matrixRow0 = 0.9212887945782157 0 0.3888791033015508 0
matrixRow1 = 0 1 -0 0
matrixRow2 = -0.3888791033015508 0 0.9212887945782157 0
matrixRow3 = -50.23141040475096 -5.7 -48.31089707549476 1
BoundingBoxCenter = 65.22432518005371 6.357542514801025 24.97199058532715 
BoundingBoxHalf = 2.100564956665039 0.4322700500488281 2.335897445678711 
meshcount = 1
material0 = marketStallMaterial18
[node 44]
type = model
name = polySurface6914
parent = 40
matrixRow0 = 0.9212887945782157 0 0.3888791033015508 0
matrixRow1 = 0 1 -0 0
matrixRow2 = -0.3888791033015508 0 0.9212887945782157 0
matrixRow3 = -50.23141040475096 -5.7 -48.31089707549476 1
BoundingBoxCenter = 67.43012619018555 5.914627552032471 24.88511466979981 
BoundingBoxHalf = 0.3406028747558594 0.2090201377868652 0.3343257904052734 
meshcount = 1
material0 = marketStallMaterial4
[node 45]
type = model
name = polySurface6974
parent = 40
matrixRow0 = 0.9212887945782157 0 0.3888791033015508 0
matrixRow1 = 0 1 -0 0
matrixRow2 = -0.3888791033015508 0 0.9212887945782157 0
matrixRow3 = -50.23141040475096 -5.7 -48.31089707549476 1
BoundingBoxCenter = 64.44440841674805 6.65206789970398 24.01426124572754 
BoundingBoxHalf = 1.477909088134766 0.9929459095001221 1.928726196289063 
meshcount = 1
material0 = marketStallMaterial7
[node 46]
type = model
name = polySurface7067
parent = 40
matrixRow0 = 0.9212887945782157 0 0.3888791033015508 0
matrixRow1 = 0 1 -0 0
matrixRow2 = -0.3888791033015508 0 0.9212887945782157 0
matrixRow3 = -50.23141040475096 -5.7 -48.31089707549476 1
BoundingBoxCenter = 65.21884155273438 6.445291996002197 24.98382568359375 
BoundingBoxHalf = 2.280448913574219 0.7396845817565918 2.642236709594727 
meshcount = 1
material0 = marketStallMaterial6
[node 47]
type = model
name = polySurface7085
parent = 40
matrixRow0 = 0.9212887945782157 0 0.3888791033015508 0
matrixRow1 = 0 1 -0 0
matrixRow2 = -0.3888791033015508 0 0.9212887945782157 0
matrixRow3 = -50.23141040475096 -5.7 -48.31089707549476 1
BoundingBoxCenter = 65.38210678100586 6.106773853302002 27.30576133728027 
BoundingBoxHalf = 0.4706764221191406 0.4505724906921387 0.3833560943603516 
meshcount = 1
material0 = marketStallMaterial
[node 48]
type = model
name = polySurface7197
parent = 40
matrixRow0 = 0.9212887945782157 0 0.3888791033015508 0
matrixRow1 = 0 1 -0 0
matrixRow2 = -0.3888791033015508 0 0.9212887945782157 0
matrixRow3 = -50.23141040475096 -5.7 -48.31089707549476 1
BoundingBoxCenter = 65.21968841552734 6.221216678619385 24.97765636444092 
BoundingBoxHalf = 2.001487731933594 0.5156092643737793 1.937687873840332 
meshcount = 1
material0 = marketStallMaterial9
[node 49]
type = model
name = polySurface7198
parent = 40
matrixRow0 = 0.9212887945782157 0 0.3888791033015508 0
matrixRow1 = 0 1 -0 0
matrixRow2 = -0.3888791033015508 0 0.9212887945782157 0
matrixRow3 = -50.23141040475096 -5.7 -48.31089707549476 1
BoundingBoxCenter = 64.98855590820313 6.650097846984863 25.27942752838135 
BoundingBoxHalf = 2.770545959472656 0.9994935989379883 2.710099220275879 
meshcount = 1
material0 = marketStallMaterial8
[node 50]
type = null
name = stall_J11
parent = -1
matrixRow0 = -0.5184481002906572 6.349158065449793e-017 -0.8551090967268495 0
matrixRow1 = 2.271853417375674e-016 1 -6.349158065449793e-017 0
matrixRow2 = 0.8551090967268495 -2.271853417375674e-016 -0.5184481002906572 0
matrixRow3 = 51.23219353664516 -1.311680330211173 -60.81196164277334 1
[node 51]
type = model
name = polySurface3626
parent = 50
matrixRow0 = 1 -1.175521520679674e-032 -0 0
matrixRow1 = 1.175521520679673e-032 1 -3.386079918162707e-032 0
matrixRow2 = 3.98040981454153e-064 3.386079918162707e-032 1 0
matrixRow3 = 0 0 -0 1
BoundingBoxCenter = -1.834033966064453 1.035007119178772 -0.7463798522949219 
BoundingBoxHalf = 1.08941650390625 0.004855632781982422 0.6341552734375 
meshcount = 1
material0 = marketStallMaterial17
instance = 2
[node 52]
type = model
name = polySurface3649
parent = 50
matrixRow0 = 1 -1.175521520679674e-032 -0 0
matrixRow1 = 1.175521520679673e-032 1 -3.386079918162707e-032 0
matrixRow2 = 3.98040981454153e-064 3.386079918162707e-032 1 0
matrixRow3 = 0 0 -0 1
BoundingBoxCenter = 0.03590011596679688 0.1320854425430298 -0.7690849304199219 
BoundingBoxHalf = 0.5611572265625 0.02132797241210938 0.4940185546875 
meshcount = 1
material0 = marketStallMaterial10
instance = 3
[node 53]
type = model
name = polySurface3844
parent = 50
matrixRow0 = 1 -1.175521520679674e-032 -0 0
matrixRow1 = 1.175521520679673e-032 1 -3.386079918162707e-032 0
matrixRow2 = 3.98040981454153e-064 3.386079918162707e-032 1 0
matrixRow3 = 0 0 -0 1
BoundingBoxCenter = 1.623790740966797 0.4893531799316406 0.7685127258300781 
BoundingBoxHalf = 0.4017333984375 0.4889774322509766 0.4078369140625 
meshcount = 1
material0 = marketStallMaterial3
instance = 4
[node 54]
type = model
name = polySurface6899
parent = 50
matrixRow0 = 0.8850035064361513 -5.491548077252918e-032 -0.4655843571209384 0
matrixRow1 = 3.987146023837891e-032 1 -4.216013350666652e-032 0
matrixRow2 = 0.4655843571209384 1.874833780265744e-032 0.8850035064361513 0
matrixRow3 = -54.37388545737579 1.311680330211173 -14.99094445044284 1
BoundingBoxCenter = 40.67941856384277 -0.8466619253158569 39.62251472473145 
BoundingBoxHalf = 0.4662609100341797 0.5414481163024902 0.4525585174560547 
meshcount = 1
material0 = marketStallMaterial19
instance = 5
[node 55]
type = model
name = polySurface6901
parent = 50
matrixRow0 = 0.8850035064361513 -5.491548077252918e-032 -0.4655843571209384 0
matrixRow1 = 3.987146023837891e-032 1 -4.216013350666652e-032 0
matrixRow2 = 0.4655843571209384 1.874833780265744e-032 0.8850035064361513 0
matrixRow3 = -54.37388545737579 1.311680330211173 -14.99094445044284 1
BoundingBoxCenter = 42.95018577575684 -0.7479920983314514 39.13838005065918 
BoundingBoxHalf = 0.7450962066650391 0.5740416646003723 0.7571887969970703 
meshcount = 1
material0 = marketStallMaterial20
instance = 6
[node 56]
type = model
name = polySurface6906
parent = 50
matrixRow0 = 0.8850035064361513 -5.491548077252918e-032 -0.4655843571209384 0
matrixRow1 = 3.987146023837891e-032 1 -4.216013350666652e-032 0
matrixRow2 = 0.4655843571209384 1.874833780265744e-032 0.8850035064361513 0
matrixRow3 = -54.37388545737579 1.311680330211173 -14.99094445044284 1
BoundingBoxCenter = 39.86878204345703 -0.7042196989059448 37.10358810424805 
BoundingBoxHalf = 1.389003753662109 0.6838750839233398 1.219776153564453 
meshcount = 1
material0 = marketStallMaterial22
instance = 7
[node 57]
type = model
name = polySurface6913
parent = 50
matrixRow0 = 0.8850035064361513 -5.491548077252918e-032 -0.4655843571209384 0
matrixRow1 = 3.987146023837891e-032 1 -4.216013350666652e-032 0
matrixRow2 = 0.4655843571209384 1.874833780265744e-032 0.8850035064361513 0
matrixRow3 = -54.37388545737579 1.311680330211173 -14.99094445044284 1
BoundingBoxCenter = 38.9433650970459 -0.9165481328964233 38.17713356018066 
BoundingBoxHalf = 0.8985042572021484 0.3590850830078125 0.8010883331298828 
meshcount = 1
material0 = marketStallMaterial4
instance = 8
[node 58]
type = model
name = polySurface7057
parent = 50
matrixRow0 = 0.8850035064361513 -5.491548077252918e-032 -0.4655843571209384 0
matrixRow1 = 3.987146023837891e-032 1 -4.216013350666652e-032 0
matrixRow2 = 0.4655843571209384 1.874833780265744e-032 0.8850035064361513 0
matrixRow3 = -54.37388545737579 1.311680330211173 -14.99094445044284 1
BoundingBoxCenter = 41.01292228698731 -0.2245969176292419 38.97074508666992 
BoundingBoxHalf = 3.065587997436523 1.151809632778168 2.527667999267578 
meshcount = 1
material0 = marketStallMaterial8
instance = 9
[node 59]
type = model
name = polySurface7063
parent = 50
matrixRow0 = 0.8850035064361513 -5.491548077252918e-032 -0.4655843571209384 0
matrixRow1 = 3.987146023837891e-032 1 -4.216013350666652e-032 0
matrixRow2 = 0.4655843571209384 1.874833780265744e-032 0.8850035064361513 0
matrixRow3 = -54.37388545737579 1.311680330211173 -14.99094445044284 1
BoundingBoxCenter = 40.66561889648438 -0.4562157392501831 39.82976531982422 
BoundingBoxHalf = 2.73138427734375 0.8678321838378906 2.545452117919922 
meshcount = 1
material0 = marketStallMaterial6
instance = 10
[node 60]
type = model
name = polySurface7074
parent = 50
matrixRow0 = 0.8850035064361513 -5.491548077252918e-032 -0.4655843571209384 0
matrixRow1 = 3.987146023837891e-032 1 -4.216013350666652e-032 0
matrixRow2 = 0.4655843571209384 1.874833780265744e-032 0.8850035064361513 0
matrixRow3 = -54.37388545737579 1.311680330211173 -14.99094445044284 1
BoundingBoxCenter = 40.35574722290039 -0.3102966547012329 39.21268081665039 
BoundingBoxHalf = 2.197990417480469 0.8542068004608154 1.791858673095703 
meshcount = 1
material0 = marketStallMaterial5
instance = 11
[node 61]
type = model
name = polySurface7199
parent = 50
matrixRow0 = 0.8850035064361513 -5.491548077252918e-032 -0.4655843571209384 0
matrixRow1 = 3.987146023837891e-032 1 -4.216013350666652e-032 0
matrixRow2 = 0.4655843571209384 1.874833780265744e-032 0.8850035064361513 0
matrixRow3 = -54.37388545737579 1.311680330211173 -14.99094445044284 1
BoundingBoxCenter = 40.91594696044922 -0.4749141931533814 39.00956916809082 
BoundingBoxHalf = 1.920700073242188 0.6561267375946045 1.78599739074707 
meshcount = 1
material0 = marketStallMaterial23
instance = 12
[node 62]
type = null
name = stall_J12
parent = -1
matrixRow0 = -0.6139047019989909 7.51816428284574e-017 -0.7893801472443617 0
matrixRow1 = 2.191358669780627e-016 1 -7.51816428284574e-017 0
matrixRow2 = 0.7893801472443617 -2.191358669780627e-016 -0.6139047019989909 0
matrixRow3 = 128.1493068101104 -1.311680330211173 -51.44680200405893 1
[node 63]
type = model
name = polySurface3626
parent = 62
matrixRow0 = 1 0 -0 0
matrixRow1 = -0 1 -0 0
matrixRow2 = 0 0 1 0
matrixRow3 = 0 0 -0 1
BoundingBoxCenter = -1.834033966064453 1.035007119178772 -0.7463798522949219 
BoundingBoxHalf = 1.08941650390625 0.004855632781982422 0.6341552734375 
meshcount = 1
material0 = marketStallMaterial17
instance = 2
[node 64]
type = model
name = polySurface3649
parent = 62
matrixRow0 = 1 0 -0 0
matrixRow1 = -0 1 -0 0
matrixRow2 = 0 0 1 0
matrixRow3 = 0 0 -0 1
BoundingBoxCenter = 0.03590011596679688 0.1320854425430298 -0.7690849304199219 
BoundingBoxHalf = 0.5611572265625 0.02132797241210938 0.4940185546875 
meshcount = 1
material0 = marketStallMaterial10
instance = 3
[node 65]
type = model
name = polySurface3844
parent = 62
matrixRow0 = 1 0 -0 0
matrixRow1 = -0 1 -0 0
matrixRow2 = 0 0 1 0
matrixRow3 = 0 0 -0 1
BoundingBoxCenter = 1.623790740966797 0.4893531799316406 0.7685127258300781 
BoundingBoxHalf = 0.4017333984375 0.4889774322509766 0.4078369140625 
meshcount = 1
material0 = marketStallMaterial3
instance = 4
[node 66]
type = model
name = polySurface6899
parent = 62
matrixRow0 = 0.8850035064361511 0 -0.4655843571209383 0
matrixRow1 = -2.842977193631429e-033 1 -5.404057818094316e-033 0
matrixRow2 = 0.4655843571209383 6.106255827003545e-033 0.8850035064361511 0
matrixRow3 = -54.37388545737579 1.311680330211173 -14.99094445044283 1
BoundingBoxCenter = 40.67941856384277 -0.8466619253158569 39.62251472473145 
BoundingBoxHalf = 0.4662609100341797 0.5414481163024902 0.4525585174560547 
meshcount = 1
material0 = marketStallMaterial19
instance = 5
[node 67]
type = model
name = polySurface6901
parent = 62
matrixRow0 = 0.8850035064361511 0 -0.4655843571209383 0
matrixRow1 = -2.842977193631429e-033 1 -5.404057818094316e-033 0
matrixRow2 = 0.4655843571209383 6.106255827003545e-033 0.8850035064361511 0
matrixRow3 = -54.37388545737579 1.311680330211173 -14.99094445044283 1
BoundingBoxCenter = 42.95018577575684 -0.7479920983314514 39.13838005065918 
BoundingBoxHalf = 0.7450962066650391 0.5740416646003723 0.7571887969970703 
meshcount = 1
material0 = marketStallMaterial20
instance = 6
[node 68]
type = model
name = polySurface6906
parent = 62
matrixRow0 = 0.8850035064361511 0 -0.4655843571209383 0
matrixRow1 = -2.842977193631429e-033 1 -5.404057818094316e-033 0
matrixRow2 = 0.4655843571209383 6.106255827003545e-033 0.8850035064361511 0
matrixRow3 = -54.37388545737579 1.311680330211173 -14.99094445044283 1
BoundingBoxCenter = 39.86878204345703 -0.7042196989059448 37.10358810424805 
BoundingBoxHalf = 1.389003753662109 0.6838750839233398 1.219776153564453 
meshcount = 1
material0 = marketStallMaterial22
instance = 7
[node 69]
type = model
name = polySurface6913
parent = 62
matrixRow0 = 0.8850035064361511 0 -0.4655843571209383 0
matrixRow1 = -2.842977193631429e-033 1 -5.404057818094316e-033 0
matrixRow2 = 0.4655843571209383 6.106255827003545e-033 0.8850035064361511 0
matrixRow3 = -54.37388545737579 1.311680330211173 -14.99094445044283 1
BoundingBoxCenter = 38.9433650970459 -0.9165481328964233 38.17713356018066 
BoundingBoxHalf = 0.8985042572021484 0.3590850830078125 0.8010883331298828 
meshcount = 1
material0 = marketStallMaterial4
instance = 8
[node 70]
type = model
name = polySurface7057
parent = 62
matrixRow0 = 0.8850035064361511 0 -0.4655843571209383 0
matrixRow1 = -2.842977193631429e-033 1 -5.404057818094316e-033 0
matrixRow2 = 0.4655843571209383 6.106255827003545e-033 0.8850035064361511 0
matrixRow3 = -54.37388545737579 1.311680330211173 -14.99094445044283 1
BoundingBoxCenter = 41.01292228698731 -0.2245969176292419 38.97074508666992 
BoundingBoxHalf = 3.065587997436523 1.151809632778168 2.527667999267578 
meshcount = 1
material0 = marketStallMaterial8
instance = 9
[node 71]
type = model
name = polySurface7063
parent = 62
matrixRow0 = 0.8850035064361511 0 -0.4655843571209383 0
matrixRow1 = -2.842977193631429e-033 1 -5.404057818094316e-033 0
matrixRow2 = 0.4655843571209383 6.106255827003545e-033 0.8850035064361511 0
matrixRow3 = -54.37388545737579 1.311680330211173 -14.99094445044283 1
BoundingBoxCenter = 40.66561889648438 -0.4562157392501831 39.82976531982422 
BoundingBoxHalf = 2.73138427734375 0.8678321838378906 2.545452117919922 
meshcount = 1
material0 = marketStallMaterial6
instance = 10
[node 72]
type = model
name = polySurface7074
parent = 62
matrixRow0 = 0.8850035064361511 0 -0.4655843571209383 0
matrixRow1 = -2.842977193631429e-033 1 -5.404057818094316e-033 0
matrixRow2 = 0.4655843571209383 6.106255827003545e-033 0.8850035064361511 0
matrixRow3 = -54.37388545737579 1.311680330211173 -14.99094445044283 1
BoundingBoxCenter = 40.35574722290039 -0.3102966547012329 39.21268081665039 
BoundingBoxHalf = 2.197990417480469 0.8542068004608154 1.791858673095703 
meshcount = 1
material0 = marketStallMaterial5
instance = 11
[node 73]
type = model
name = polySurface7199
parent = 62
matrixRow0 = 0.8850035064361511 0 -0.4655843571209383 0
matrixRow1 = -2.842977193631429e-033 1 -5.404057818094316e-033 0
matrixRow2 = 0.4655843571209383 6.106255827003545e-033 0.8850035064361511 0
matrixRow3 = -54.37388545737579 1.311680330211173 -14.99094445044283 1
BoundingBoxCenter = 40.91594696044922 -0.4749141931533814 39.00956916809082 
BoundingBoxHalf = 1.920700073242188 0.6561267375946045 1.78599739074707 
meshcount = 1
material0 = marketStallMaterial23
instance = 12
[node 74]
type = null
name = stall_J13
parent = -1
matrixRow0 = 0.9052190342163723 0 -0.424945290705025 0
matrixRow1 = -0 1 -0 0
matrixRow2 = 0.424945290705025 0 0.9052190342163723 0
matrixRow3 = 62.44428857986263 5.7 -33.90792014282863 1
[node 75]
type = model
name = polySurface3626
parent = 74
matrixRow0 = 1 0 -0 0
matrixRow1 = -0 1 -0 0
matrixRow2 = 0 0 1 0
matrixRow3 = 0 0 -0 1
BoundingBoxCenter = -1.834033966064453 1.035007119178772 -0.7463798522949219 
BoundingBoxHalf = 1.08941650390625 0.004855632781982422 0.6341552734375 
meshcount = 1
material0 = marketStallMaterial17
instance = 2
[node 76]
type = model
name = polySurface3649
parent = 74
matrixRow0 = 1 0 -0 0
matrixRow1 = -0 1 -0 0
matrixRow2 = 0 0 1 0
matrixRow3 = 0 0 -0 1
BoundingBoxCenter = 0.03590011596679688 0.1320854425430298 -0.7690849304199219 
BoundingBoxHalf = 0.5611572265625 0.02132797241210938 0.4940185546875 
meshcount = 1
material0 = marketStallMaterial10
instance = 3
[node 77]
type = model
name = polySurface3844
parent = 74
matrixRow0 = 1 0 -0 0
matrixRow1 = -0 1 -0 0
matrixRow2 = 0 0 1 0
matrixRow3 = 0 0 -0 1
BoundingBoxCenter = 1.623790740966797 0.4893531799316406 0.7685127258300781 
BoundingBoxHalf = 0.4017333984375 0.4889774322509766 0.4078369140625 
meshcount = 1
material0 = marketStallMaterial3
instance = 4
[node 78]
type = model
name = polySurface6899
parent = 74
matrixRow0 = 0.8850035064361511 0 -0.4655843571209383 0
matrixRow1 = -0 1 -0 0
matrixRow2 = 0.4655843571209383 0 0.8850035064361511 0
matrixRow3 = -54.37388545737579 1.311680330211172 -14.99094445044284 1
BoundingBoxCenter = 40.67941856384277 -0.8466619253158569 39.62251472473145 
BoundingBoxHalf = 0.4662609100341797 0.5414481163024902 0.4525585174560547 
meshcount = 1
material0 = marketStallMaterial19
instance = 5
[node 79]
type = model
name = polySurface6901
parent = 74
matrixRow0 = 0.8850035064361511 0 -0.4655843571209383 0
matrixRow1 = -0 1 -0 0
matrixRow2 = 0.4655843571209383 0 0.8850035064361511 0
matrixRow3 = -54.37388545737579 1.311680330211172 -14.99094445044284 1
BoundingBoxCenter = 42.95018577575684 -0.7479920983314514 39.13838005065918 
BoundingBoxHalf = 0.7450962066650391 0.5740416646003723 0.7571887969970703 
meshcount = 1
material0 = marketStallMaterial20
instance = 6
[node 80]
type = model
name = polySurface6906
parent = 74
matrixRow0 = 0.8850035064361511 0 -0.4655843571209383 0
matrixRow1 = -0 1 -0 0
matrixRow2 = 0.4655843571209383 0 0.8850035064361511 0
matrixRow3 = -54.37388545737579 1.311680330211172 -14.99094445044284 1
BoundingBoxCenter = 39.86878204345703 -0.7042196989059448 37.10358810424805 
BoundingBoxHalf = 1.389003753662109 0.6838750839233398 1.219776153564453 
meshcount = 1
material0 = marketStallMaterial22
instance = 7
[node 81]
type = model
name = polySurface6913
parent = 74
matrixRow0 = 0.8850035064361511 0 -0.4655843571209383 0
matrixRow1 = -0 1 -0 0
matrixRow2 = 0.4655843571209383 0 0.8850035064361511 0
matrixRow3 = -54.37388545737579 1.311680330211172 -14.99094445044284 1
BoundingBoxCenter = 38.9433650970459 -0.9165481328964233 38.17713356018066 
BoundingBoxHalf = 0.8985042572021484 0.3590850830078125 0.8010883331298828 
meshcount = 1
material0 = marketStallMaterial4
instance = 8
[node 82]
type = model
name = polySurface7057
parent = 74
matrixRow0 = 0.8850035064361511 0 -0.4655843571209383 0
matrixRow1 = -0 1 -0 0
matrixRow2 = 0.4655843571209383 0 0.8850035064361511 0
matrixRow3 = -54.37388545737579 1.311680330211172 -14.99094445044284 1
BoundingBoxCenter = 41.01292228698731 -0.2245969176292419 38.97074508666992 
BoundingBoxHalf = 3.065587997436523 1.151809632778168 2.527667999267578 
meshcount = 1
material0 = marketStallMaterial8
instance = 9
[node 83]
type = model
name = polySurface7063
parent = 74
matrixRow0 = 0.8850035064361511 0 -0.4655843571209383 0
matrixRow1 = -0 1 -0 0
matrixRow2 = 0.4655843571209383 0 0.8850035064361511 0
matrixRow3 = -54.37388545737579 1.311680330211172 -14.99094445044284 1
BoundingBoxCenter = 40.66561889648438 -0.4562157392501831 39.82976531982422 
BoundingBoxHalf = 2.73138427734375 0.8678321838378906 2.545452117919922 
meshcount = 1
material0 = marketStallMaterial6
instance = 10
[node 84]
type = model
name = polySurface7074
parent = 74
matrixRow0 = 0.8850035064361511 0 -0.4655843571209383 0
matrixRow1 = -0 1 -0 0
matrixRow2 = 0.4655843571209383 0 0.8850035064361511 0
matrixRow3 = -54.37388545737579 1.311680330211172 -14.99094445044284 1
BoundingBoxCenter = 40.35574722290039 -0.3102966547012329 39.21268081665039 
BoundingBoxHalf = 2.197990417480469 0.8542068004608154 1.791858673095703 
meshcount = 1
material0 = marketStallMaterial5
instance = 11
[node 85]
type = model
name = polySurface7199
parent = 74
matrixRow0 = 0.8850035064361511 0 -0.4655843571209383 0
matrixRow1 = -0 1 -0 0
matrixRow2 = 0.4655843571209383 0 0.8850035064361511 0
matrixRow3 = -54.37388545737579 1.311680330211172 -14.99094445044284 1
BoundingBoxCenter = 40.91594696044922 -0.4749141931533814 39.00956916809082 
BoundingBoxHalf = 1.920700073242188 0.6561267375946045 1.78599739074707 
meshcount = 1
material0 = marketStallMaterial23
instance = 12
[node 86]
type = null
name = stall_J14
parent = -1
matrixRow0 = -0.9590922634633587 1.174549270537392e-016 -0.2830936773662233 0
matrixRow1 = 1.571336564992752e-016 1 -1.174549270537392e-016 0
matrixRow2 = 0.2830936773662233 -1.571336564992752e-016 -0.9590922634633587 0
matrixRow3 = 85.53620757549652 -1.311680330211173 53.6040454795053 1
[node 87]
type = model
name = polySurface3626
parent = 86
matrixRow0 = 1 0 -0 0
matrixRow1 = -0 1 -0 0
matrixRow2 = 0 0 1 0
matrixRow3 = 0 0 -0 1
BoundingBoxCenter = -1.834033966064453 1.035007119178772 -0.7463798522949219 
BoundingBoxHalf = 1.08941650390625 0.004855632781982422 0.6341552734375 
meshcount = 1
material0 = marketStallMaterial17
instance = 2
[node 88]
type = model
name = polySurface3649
parent = 86
matrixRow0 = 1 0 -0 0
matrixRow1 = -0 1 -0 0
matrixRow2 = 0 0 1 0
matrixRow3 = 0 0 -0 1
BoundingBoxCenter = 0.03590011596679688 0.1320854425430298 -0.7690849304199219 
BoundingBoxHalf = 0.5611572265625 0.02132797241210938 0.4940185546875 
meshcount = 1
material0 = marketStallMaterial10
instance = 3
[node 89]
type = model
name = polySurface3844
parent = 86
matrixRow0 = 1 0 -0 0
matrixRow1 = -0 1 -0 0
matrixRow2 = 0 0 1 0
matrixRow3 = 0 0 -0 1
BoundingBoxCenter = 1.623790740966797 0.4893531799316406 0.7685127258300781 
BoundingBoxHalf = 0.4017333984375 0.4889774322509766 0.4078369140625 
meshcount = 1
material0 = marketStallMaterial3
instance = 4
[node 90]
type = model
name = polySurface6899
parent = 86
matrixRow0 = 0.8850035064361511 0 -0.4655843571209384 0
matrixRow1 = -1.1726325188522e-032 1 -2.22899217955401e-032 0
matrixRow2 = 0.4655843571209384 2.518625252152965e-032 0.8850035064361511 0
matrixRow3 = -54.37388545737582 1.311680330211173 -14.99094445044282 1
BoundingBoxCenter = 40.67941856384277 -0.8466619253158569 39.62251472473145 
BoundingBoxHalf = 0.4662609100341797 0.5414481163024902 0.4525585174560547 
meshcount = 1
material0 = marketStallMaterial19
instance = 5
[node 91]
type = model
name = polySurface6901
parent = 86
matrixRow0 = 0.8850035064361511 0 -0.4655843571209384 0
matrixRow1 = -1.1726325188522e-032 1 -2.22899217955401e-032 0
matrixRow2 = 0.4655843571209384 2.518625252152965e-032 0.8850035064361511 0
matrixRow3 = -54.37388545737582 1.311680330211173 -14.99094445044282 1
BoundingBoxCenter = 42.95018577575684 -0.7479920983314514 39.13838005065918 
BoundingBoxHalf = 0.7450962066650391 0.5740416646003723 0.7571887969970703 
meshcount = 1
material0 = marketStallMaterial20
instance = 6
[node 92]
type = model
name = polySurface6906
parent = 86
matrixRow0 = 0.8850035064361511 0 -0.4655843571209384 0
matrixRow1 = -1.1726325188522e-032 1 -2.22899217955401e-032 0
matrixRow2 = 0.4655843571209384 2.518625252152965e-032 0.8850035064361511 0
matrixRow3 = -54.37388545737582 1.311680330211173 -14.99094445044282 1
BoundingBoxCenter = 39.86878204345703 -0.7042196989059448 37.10358810424805 
BoundingBoxHalf = 1.389003753662109 0.6838750839233398 1.219776153564453 
meshcount = 1
material0 = marketStallMaterial22
instance = 7
[node 93]
type = model
name = polySurface6913
parent = 86
matrixRow0 = 0.8850035064361511 0 -0.4655843571209384 0
matrixRow1 = -1.1726325188522e-032 1 -2.22899217955401e-032 0
matrixRow2 = 0.4655843571209384 2.518625252152965e-032 0.8850035064361511 0
matrixRow3 = -54.37388545737582 1.311680330211173 -14.99094445044282 1
BoundingBoxCenter = 38.9433650970459 -0.9165481328964233 38.17713356018066 
BoundingBoxHalf = 0.8985042572021484 0.3590850830078125 0.8010883331298828 
meshcount = 1
material0 = marketStallMaterial4
instance = 8
[node 94]
type = model
name = polySurface7057
parent = 86
matrixRow0 = 0.8850035064361511 0 -0.4655843571209384 0
matrixRow1 = -1.1726325188522e-032 1 -2.22899217955401e-032 0
matrixRow2 = 0.4655843571209384 2.518625252152965e-032 0.8850035064361511 0
matrixRow3 = -54.37388545737582 1.311680330211173 -14.99094445044282 1
BoundingBoxCenter = 41.01292228698731 -0.2245969176292419 38.97074508666992 
