// Created with FBXConvert.exe (Sep 10 2013 16:36:18)
[node 0]
type = null
name = posterGrp
parent = -1
matrixRow0 = -0.02682215546484016 3.284766683624919e-018 0.9996402212677419 0
matrixRow1 = 4.406018728611056e-020 1 -3.284766683624919e-018 0
matrixRow2 = -0.9996402212677419 -4.406018728611056e-020 -0.02682215546484016 0
matrixRow3 = 18.63921188155765 2.24691555834487 14.82958195355591 1
[node 1]
type = model
name = poster
parent = 0
matrixRow0 = 1 1.513358376574786e-035 -0 0
matrixRow1 = -1.513358376574786e-035 1 -1.677935126459879e-036 0
matrixRow2 = -2.539317178977131e-071 1.677935126459879e-036 1 0
matrixRow3 = 0 0 -0 1
BoundingBoxCenter = -0.0002856850624084473 -0.002164334058761597 -0.05240755900740624 
BoundingBoxHalf = 0.5002856850624085 0.4946650564670563 0.05240755900740624 
meshcount = 1
material0 = posterMaterial
[node 2]
type = null
name = posterGrp1
parent = -1
matrixRow0 = -0.02682215546484016 3.284766683624919e-018 0.9996402212677419 0
matrixRow1 = 4.406018728611056e-020 1 -3.284766683624919e-018 0
matrixRow2 = -0.9996402212677419 -4.406018728611056e-020 -0.02682215546484016 0
matrixRow3 = 18.63921188155765 2.004354207537956 -11.44990398140027 1
[node 3]
type = model
name = poster
parent = 2
matrixRow0 = 1 1.513358376574786e-035 -0 0
matrixRow1 = -1.513358376574786e-035 1 -1.677935126459879e-036 0
matrixRow2 = -2.539317178977131e-071 1.677935126459879e-036 1 0
matrixRow3 = 0 0 -0 1
BoundingBoxCenter = -0.0002856850624084473 -0.002164334058761597 -0.05240755900740624 
BoundingBoxHalf = 0.5002856850624085 0.4946650564670563 0.05240755900740624 
meshcount = 1
material0 = posterMaterial
[node 4]
type = null
name = posterGrp2
parent = -1
matrixRow0 = 6.123233995736766e-017 0 -1 0
matrixRow1 = 0 1 0 0
matrixRow2 = 1 0 6.123233995736766e-017 0
matrixRow3 = 46.59882032866906 9.269472534526299 -8.184980957011728 1
[node 5]
type = model
name = poster
parent = 4
matrixRow0 = 1 0 -0 0
matrixRow1 = -0 1 -0 0
matrixRow2 = 0 0 1 0
matrixRow3 = 0 0 -0 1
BoundingBoxCenter = -0.0002856850624084473 -0.002164334058761597 -0.05240755900740624 
BoundingBoxHalf = 0.5002856850624085 0.4946650564670563 0.05240755900740624 
meshcount = 1
material0 = posterMaterial
[node 6]
type = null
name = posterGrp3
parent = -1
matrixRow0 = 0.02928885292453371 0 0.9995709895221874 0
matrixRow1 = 0 1 -0 0
matrixRow2 = -0.9995709895221874 0 0.02928885292453371 0
matrixRow3 = 18.59359477518632 1.940940490090621 26.15989059356149 1
[node 7]
type = model
name = poster
parent = 6
matrixRow0 = 1 0 -3.469446951953614e-018 0
matrixRow1 = -0 1 -0 0
matrixRow2 = 3.469446951953614e-018 0 1 0
matrixRow3 = 0 0 -0 1
BoundingBoxCenter = -0.0002856850624084473 -0.002164334058761597 -0.05240755900740624 
BoundingBoxHalf = 0.5002856850624085 0.4946650564670563 0.05240755900740624 
meshcount = 1
material0 = posterMaterial
[node 8]
type = null
name = posterGrp4
parent = -1
matrixRow0 = 0.9597078879776876 0 0.2809995903082534 0
matrixRow1 = 0 1 -0 0
matrixRow2 = -0.2809995903082534 0 0.9597078879776876 0
matrixRow3 = 42.94106402977585 2.078057343480199 59.15634537927946 1
[node 9]
type = model
name = poster
parent = 8
matrixRow0 = 1 0 -0 0
matrixRow1 = -0 1 -0 0
matrixRow2 = 0 0 1 0
matrixRow3 = 0 0 -0 1
BoundingBoxCenter = -0.0002856850624084473 -0.002164334058761597 -0.05240755900740624 
BoundingBoxHalf = 0.5002856850624085 0.4946650564670563 0.05240755900740624 
meshcount = 1
material0 = posterMaterial
[node 10]
type = null
name = posterGrp5
parent = -1
matrixRow0 = 0.03400109470202585 -7.517091678394418e-019 -0.9994217956193791 0
matrixRow1 = 0.1082700696551417 0.9941146937629424 0.003683430667487062 0
matrixRow2 = 0.993539892292169 -0.1083327081015306 0.03380098784730923 0
matrixRow3 = 52.88861060443085 2.309536271440056 52.94142862026524 1
[node 11]
type = model
name = poster
parent = 10
matrixRow0 = 0.9999999999999999 -4.336808689942018e-019 -0 0
matrixRow1 = 4.336808689942018e-019 0.9999999999999999 3.361026734705064e-018 0
matrixRow2 = -1.457612995019637e-036 -3.361026734705064e-018 1 0
matrixRow3 = 0 0 -0 1
BoundingBoxCenter = -0.0002856850624084473 -0.002164334058761597 -0.05240755900740624 
BoundingBoxHalf = 0.5002856850624085 0.4946650564670563 0.05240755900740624 
meshcount = 1
material0 = posterMaterial
[node 12]
type = null
name = posterGrp6
parent = -1
matrixRow0 = -0.9873261418073243 0.0373140139814732 0.1542554830936446 0
matrixRow1 = 0.02023800211919029 0.9936341424473937 -0.1108224446267797 0
matrixRow2 = -0.1574087449098268 -0.1062960738852684 -0.9817961253246474 0
matrixRow3 = 65.96383875379411 0.9812746350557824 49.13258454367325 1
[node 13]
type = model
name = poster
parent = 12
matrixRow0 = 0.9999999999999999 -1.040834085586084e-017 -2.775557561562891e-017 0
matrixRow1 = 1.040834085586084e-017 1 -1.387778780781446e-017 0
matrixRow2 = 2.775557561562892e-017 1.387778780781446e-017 1 0
matrixRow3 = 0 0 -0 1
BoundingBoxCenter = -0.0002856850624084473 -0.002164334058761597 -0.05240755900740624 
BoundingBoxHalf = 0.5002856850624085 0.4946650564670563 0.05240755900740624 
meshcount = 1
material0 = posterMaterial
[node 14]
type = null
name = posterGrp7
parent = -1
matrixRow0 = -0.9282581126486342 -0.015015741691202 -0.3716334266497812 0
matrixRow1 = -0.01269582196037549 0.9998816553812412 -0.008688575074162649 0
matrixRow2 = 0.3717199112325645 -0.003347048480678302 -0.9283388954792975 0
matrixRow3 = 77.72802893214271 9.660571612862455 39.55278519541824 1
[node 15]
type = model
name = poster
parent = 14
matrixRow0 = 1 -4.336808689942018e-019 -0 0
matrixRow1 = 4.336808689942018e-019 1 1.734723475976807e-018 0
matrixRow2 = -7.52316384526264e-037 -1.734723475976807e-018 1 0
matrixRow3 = 0 0 -0 1
BoundingBoxCenter = -0.0002856850624084473 -0.002164334058761597 -0.05240755900740624 
BoundingBoxHalf = 0.5002856850624085 0.4946650564670563 0.05240755900740624 
meshcount = 1
material0 = posterMaterial
[node 16]
type = null
name = posterGrp8
parent = -1
matrixRow0 = -0.9685315830127309 -0.06229260036415002 -0.2409693022912387 0
matrixRow1 = 0.09547957199440542 0.8011075735409422 -0.5908555719861749 0
matrixRow2 = 0.229848263075054 -0.5952699283142203 -0.7699503155439085 0
matrixRow3 = 95.83286886786553 1.095998249829725 68.7371423848638 1
[node 17]
type = model
name = poster
parent = 16
matrixRow0 = 1 0 -0 0
matrixRow1 = 0 1 5.551115123125783e-017 0
matrixRow2 = 0 -5.55111512312578e-017 1 0
matrixRow3 = 0 0 -0 1
BoundingBoxCenter = -0.0002856850624084473 -0.002164334058761597 -0.05240755900740624 
BoundingBoxHalf = 0.5002856850624085 0.4946650564670563 0.05240755900740624 
meshcount = 1
material0 = posterMaterial
[node 18]
type = null
name = posterGrp9
parent = -1
matrixRow0 = 0.1892626184370329 -0.002117651066335134 -0.9819242215244106 0
matrixRow1 = 0.06865601214321522 0.9975788417939191 0.01108180498358433 0
matrixRow2 = 0.9795233602415762 -0.06951237270489878 0.188949773172625 0
matrixRow3 = 95.47189207283127 2.028468086345223 67.03178598683356 1
[node 19]
type = model
name = poster
parent = 18
matrixRow0 = 1 3.469446951953614e-018 -2.775557561562891e-017 0
matrixRow1 = -3.469446951953615e-018 1 -2.905661822261152e-017 0
matrixRow2 = 2.775557561562891e-017 2.905661822261151e-017 1 0
matrixRow3 = 0 0 -0 1
BoundingBoxCenter = -0.0002856850624084473 -0.002164334058761597 -0.05240755900740624 
BoundingBoxHalf = 0.5002856850624085 0.4946650564670563 0.05240755900740624 
meshcount = 1
material0 = posterMaterial
[node 20]
type = null
name = posterGrp10
parent = -1
matrixRow0 = 0.2159943137548765 -0.004018915537446042 -0.9763863501419214 0
matrixRow1 = -0.002502636688821988 0.9999859653381532 -0.004669682679241304 0
matrixRow2 = 0.9763914139499405 0.003452165208085925 0.215981224462249 0
matrixRow3 = 69.80696028246483 2.177285294526816 59.64464574563675 1
[node 21]
type = model
name = poster
parent = 20
matrixRow0 = 0.9999999999999999 1.734723475976807e-018 -0 0
matrixRow1 = -1.734723475976808e-018 1 -2.168404344971009e-019 0
matrixRow2 = -3.761581922631322e-037 2.168404344971009e-019 1 0
matrixRow3 = 0 0 -0 1
BoundingBoxCenter = -0.0002856850624084473 -0.002164334058761597 -0.05240755900740624 
BoundingBoxHalf = 0.5002856850624085 0.4946650564670563 0.05240755900740624 
meshcount = 1
material0 = posterMaterial
[node 22]
type = null
name = posterGrp11
parent = -1
matrixRow0 = -0.9443216182273122 -0.003899677622853239 -0.329000720155729 0
matrixRow1 = -0.002502636688826125 0.9999859653381537 -0.004669682679241428 0
matrixRow2 = 0.3290143129989244 -0.003586313031357372 -0.9443181244690198 0
matrixRow3 = 77.35226748765001 2.168240641128328 51.66041110044436 1
[node 23]
type = model
name = poster
parent = 22
matrixRow0 = 1 2.168404344971009e-019 1.110223024625157e-016 0
matrixRow1 = -2.168404344971008e-019 1 -8.673617379884036e-019 0
matrixRow2 = -1.110223024625157e-016 8.673617379884036e-019 1 0
matrixRow3 = 0 0 -0 1
BoundingBoxCenter = -0.0002856850624084473 -0.002164334058761597 -0.05240755900740624 
BoundingBoxHalf = 0.5002856850624085 0.4946650564670563 0.05240755900740624 
meshcount = 1
material0 = posterMaterial
[node 24]
type = null
name = posterGrp12
parent = -1
matrixRow0 = 0.9505762988386726 0.003828785352916765 0.3104674547982315 0
matrixRow1 = -0.002502636688898009 0.9999859653381535 -0.004669682679238341 0
matrixRow2 = -0.310480976705134 0.0036619024348946 0.9505725398804571 0
matrixRow3 = 97.15413320349171 2.165307373037084 75.63677316402088 1
[node 25]
type = model
name = poster
parent = 24
matrixRow0 = 1 2.168404344971009e-019 2.220446049250313e-016 0
matrixRow1 = -2.168404344971008e-019 1 -0 0
matrixRow2 = -2.220446049250312e-016 -4.814824860968087e-035 0.9999999999999999 0
matrixRow3 = 0 0 -0 1
BoundingBoxCenter = -0.0002856850624084473 -0.002164334058761597 -0.05240755900740624 
BoundingBoxHalf = 0.5002856850624085 0.4946650564670563 0.05240755900740624 
meshcount = 1
material0 = posterMaterial
[node 26]
type = null
name = posterGrp13
parent = -1
matrixRow0 = -0.3027283542343897 -0.005208192338669536 -0.9530626518099958 0
matrixRow1 = -0.002502636688904835 0.9999859653381537 -0.004669682679224039 0
matrixRow2 = 0.9530735965035129 0.0009715242069662977 -0.3027371397575362 0
matrixRow3 = 111.067329348503 1.249185390541553 61.57537628273145 1
[node 27]
type = model
name = poster
parent = 26
matrixRow0 = 1 -8.673617379884036e-019 5.551115123125783e-017 0
matrixRow1 = 8.673617379884037e-019 1 -4.336808689942018e-019 0
matrixRow2 = -5.551115123125783e-017 4.336808689942017e-019 1 0
matrixRow3 = 0 0 -0 1
BoundingBoxCenter = -0.0002856850624084473 -0.002164334058761597 -0.05240755900740624 
BoundingBoxHalf = 0.5002856850624085 0.4946650564670563 0.05240755900740624 
meshcount = 1
material0 = posterMaterial
[node 28]
type = null
name = posterGrp14
parent = -1
matrixRow0 = 0.568934016618263 -0.002416450655121493 -0.8223796237145234 0
matrixRow1 = -0.002502636688897539 0.9999859653381537 -0.004669682679221479 0
matrixRow2 = 0.8223793659523643 0.004714858741531926 0.5689199843236603 0
matrixRow3 = 130.2948330466749 1.927482558217964 71.7584280048348 1
[node 29]
type = model
name = poster
parent = 28
matrixRow0 = 1 -4.336808689942018e-019 -5.551115123125783e-017 0
matrixRow1 = 4.336808689942019e-019 1 4.336808689942018e-019 0
matrixRow2 = 5.551115123125783e-017 -4.336808689942017e-019 1 0
matrixRow3 = 0 0 -0 1
BoundingBoxCenter = -0.0002856850624084473 -0.002164334058761597 -0.05240755900740624 
BoundingBoxHalf = 0.5002856850624085 0.4946650564670563 0.05240755900740624 
meshcount = 1
material0 = posterMaterial
[node 30]
type = null
name = posterGrp15
parent = -1
matrixRow0 = -0.2451321002492019 0.003913750650601172 0.9694817873396383 0
matrixRow1 = -0.002502636688932958 0.9999859653381531 -0.004669682679213734 0
matrixRow2 = -0.9694864569642105 -0.003570949812901463 -0.2451188652070977 0
matrixRow3 = 115.4009221843585 8.880923932334243 48.80961210758217 1
[node 31]
type = model
name = poster
parent = 30
matrixRow0 = 0.9999999999999997 -8.673617379884036e-019 5.551115123125783e-017 0
matrixRow1 = 8.673617379884035e-019 0.9999999999999994 -0 0
matrixRow2 = -5.551115123125784e-017 4.814824860968093e-035 0.9999999999999998 0
matrixRow3 = 0 0 -0 1
BoundingBoxCenter = -0.0002856850624084473 -0.002164334058761597 -0.05240755900740624 
BoundingBoxHalf = 0.5002856850624085 0.4946650564670563 0.05240755900740624 
meshcount = 1
material0 = posterMaterial
[node 32]
type = null
name = posterGrp16
parent = -1
matrixRow0 = 0.5972649180630195 -0.00225057083439288 -0.8020408671521007 0
matrixRow1 = -0.02257445328801086 0.999552711595066 -0.01961557548731728 0
matrixRow2 = 0.8017262698140317 0.02982132917679235 0.5969469629843236 0
matrixRow3 = 143.292048286838 2.143978763414942 53.17978660564372 1
[node 33]
type = model
name = poster
parent = 32
matrixRow0 = 1 0 1.665334536937735e-016 0
matrixRow1 = -8.666684749742561e-034 1 5.204170427930421e-018 0
matrixRow2 = -1.665334536937735e-016 -5.204170427930419e-018 1 0
matrixRow3 = 0 0 -0 1
BoundingBoxCenter = -0.0002856850624084473 -0.002164334058761597 -0.05240755900740624 
BoundingBoxHalf = 0.5002856850624085 0.4946650564670563 0.05240755900740624 
meshcount = 1
material0 = posterMaterial
[node 34]
type = null
name = posterGrp17
parent = -1
matrixRow0 = -0.8059443108486954 -0.02980460817453438 -0.5912406051195942 0
matrixRow1 = -0.02257445328801469 0.9995527115950655 -0.01961557548731506 0
matrixRow2 = 0.5915607845939154 -0.002462128045774881 -0.8062566440384337 0
matrixRow3 = 145.6746434598441 2.409951874846631 37.14276923076132 1
[node 35]
type = model
name = poster
parent = 34
matrixRow0 = 1 3.469446951953614e-018 -0 0
matrixRow1 = -3.469446951953614e-018 0.9999999999999999 -0 0
matrixRow2 = 0 0 1 0
matrixRow3 = 0 0 -0 1
BoundingBoxCenter = -0.0002856850624084473 -0.002164334058761597 -0.05240755900740624 
BoundingBoxHalf = 0.5002856850624085 0.4946650564670563 0.05240755900740624 
meshcount = 1
material0 = posterMaterial
[node 36]
type = null
name = posterGrp18
parent = -1
matrixRow0 = -0.8059443108486954 -0.02980460817453438 -0.5912406051195942 0
matrixRow1 = -0.02257445328801469 0.9995527115950655 -0.01961557548731506 0
matrixRow2 = 0.5915607845939154 -0.002462128045774881 -0.8062566440384337 0
matrixRow3 = 137.2127789964875 2.101608217937547 31.16875259358242 1
[node 37]
type = model
name = poster
parent = 36
matrixRow0 = 1 3.469446951953614e-018 -0 0
matrixRow1 = -3.469446951953614e-018 0.9999999999999999 -0 0
matrixRow2 = 0 0 1 0
matrixRow3 = 0 0 -0 1
BoundingBoxCenter = -0.0002856850624084473 -0.002164334058761597 -0.05240755900740624 
BoundingBoxHalf = 0.5002856850624085 0.4946650564670563 0.05240755900740624 
meshcount = 1
material0 = posterMaterial
[node 38]
type = null
name = posterGrp19
parent = -1
matrixRow0 = -0.663488825236182 -0.0003019309983061512 0.7481861316707116 0
matrixRow1 = -0.02257445328802903 0.9995527115950654 -0.01961557548731886 0
matrixRow2 = -0.7478455541389932 -0.02990460801656446 -0.6631988703050677 0
matrixRow3 = 127.9579425194419 9.310569436185547 26.78970340073984 1
[node 39]
type = model
name = poster
parent = 38
matrixRow0 = 1 0 -0 0
matrixRow1 = 0 1 6.938893903907228e-018 0
matrixRow2 = 0 -6.938893903907232e-018 1 0
matrixRow3 = 0 0 -0 1
BoundingBoxCenter = -0.0002856850624084473 -0.002164334058761597 -0.05240755900740624 
BoundingBoxHalf = 0.5002856850624085 0.4946650564670563 0.05240755900740624 
meshcount = 1
material0 = posterMaterial
[node 40]
type = null
name = posterGrp20
parent = -1
matrixRow0 = -0.6054389291602408 0.05362612180149464 0.7940830826291618 0
matrixRow1 = 0.0734241302806172 0.9972360569577513 -0.01136414518964635 0
matrixRow2 = -0.7924976972520714 0.0514245638181567 -0.607702981798079 0
matrixRow3 = 132.7490000936248 9.292666058418504 20.17564303318236 1
[node 41]
type = model
name = poster
parent = 40
matrixRow0 = 1 3.469446951953614e-018 -0 0
matrixRow1 = -3.469446951953614e-018 0.9999999999999999 6.071532165918825e-018 0
matrixRow2 = 2.10648587667354e-035 -6.071532165918826e-018 1 0
matrixRow3 = 0 0 -0 1
BoundingBoxCenter = -0.0002856850624084473 -0.002164334058761597 -0.05240755900740624 
BoundingBoxHalf = 0.5002856850624085 0.4946650564670563 0.05240755900740624 
meshcount = 1
material0 = posterMaterial
[node 42]
type = null
name = posterGrp21
parent = -1
matrixRow0 = 0.8054954181693035 -1.727359292865937e-005 0.5926020005112044 0
matrixRow1 = 0.007688410149611359 0.9999161384933427 -0.0104213401217879 0
matrixRow2 = -0.5925521240006064 0.01295050895469442 0.8054280009163974 0
matrixRow3 = 148.7589613762313 1.996601936054518 32.70694770329168 1
[node 43]
type = model
name = poster
parent = 42
matrixRow0 = 1 3.469446951953614e-018 -0 0
matrixRow1 = -3.469446951953614e-018 1 1.734723475976807e-018 0
matrixRow2 = 6.018531076210109e-036 -1.734723475976807e-018 1 0
matrixRow3 = 0 0 -0 1
BoundingBoxCenter = -0.0002856850624084473 -0.002164334058761597 -0.05240755900740624 
BoundingBoxHalf = 0.5002856850624085 0.4946650564670563 0.05240755900740624 
meshcount = 1
material0 = posterMaterial
[node 44]
type = null
name = posterGrp22
parent = -1
matrixRow0 = -0.7714762917515968 0.03025100201775904 -0.6355385182206713 0
matrixRow1 = 0.03157315852729326 0.999458669868321 0.009246777041594406 0
matrixRow2 = 0.6354742063418589 -0.01293228912327926 -0.7720137880713119 0
matrixRow3 = 157.7938716998758 2.080974694278204 23.61095941112481 1
[node 45]
type = model
name = poster
parent = 44
matrixRow0 = 1 -6.938893903907228e-018 5.551115123125783e-017 0
matrixRow1 = 6.938893903907228e-018 1 -1.734723475976807e-018 0
matrixRow2 = -5.551115123125783e-017 1.734723475976808e-018 1 0
matrixRow3 = 0 0 -0 1
BoundingBoxCenter = -0.0002856850624084473 -0.002164334058761597 -0.05240755900740624 
BoundingBoxHalf = 0.5002856850624085 0.4946650564670563 0.05240755900740624 
meshcount = 1
material0 = posterMaterial
[node 46]
type = null
name = posterGrp23
parent = -1
matrixRow0 = -0.7714636444696306 -0.0519184012998279 -0.634151657624661 0
matrixRow1 = -0.03188068907367834 0.9985675918557053 -0.04296959575892555 0
matrixRow2 = 0.6354742063418646 -0.01293228912327795 -0.7720137880713071 0
matrixRow3 = 157.146603819247 1.992851778847419 23.07964453300963 1
[node 47]
type = model
name = poster
parent = 46
matrixRow0 = 0.9999999999999999 1.040834085586084e-017 1.110223024625157e-016 0
matrixRow1 = -1.040834085586085e-017 1 6.938893903907228e-018 0
matrixRow2 = -1.110223024625157e-016 -6.938893903907227e-018 0.9999999999999998 0
matrixRow3 = 0 0 -0 1
BoundingBoxCenter = -0.0002856850624084473 -0.002164334058761597 -0.05240755900740624 
BoundingBoxHalf = 0.5002856850624085 0.4946650564670563 0.05240755900740624 
meshcount = 1
material0 = posterMaterial
[node 48]
type = null
name = posterGrp24
parent = -1
matrixRow0 = 0.5582564895731575 -0.0178702420379935 -0.8294759467874631 0
matrixRow1 = -0.006741166410539137 0.9996373076828401 -0.02607316175741755 0
matrixRow2 = 0.8296410359455952 0.02014714714560282 0.5579335479580101 0
matrixRow3 = 169.5550772329988 2.079573609022729 16.2074717765777 1
[node 49]
type = model
name = poster
parent = 48
matrixRow0 = 1 0 -0 0
matrixRow1 = 0 1 3.469446951953614e-018 0
matrixRow2 = 0 -3.469446951953614e-018 1 0
matrixRow3 = 0 0 -0 1
BoundingBoxCenter = -0.0002856850624084473 -0.002164334058761597 -0.05240755900740624 
BoundingBoxHalf = 0.5002856850624085 0.4946650564670563 0.05240755900740624 
meshcount = 1
material0 = posterMaterial
[node 50]
type = null
name = posterGrp25
parent = -1
matrixRow0 = 0.7678771660860317 0.02187697173775121 0.6402234421756754 0
matrixRow1 = -0.006741166410546013 0.99963730768284 -0.026073161757414 0
matrixRow2 = -0.6405616398748132 0.01570513279754696 0.7677461392444127 0
matrixRow3 = 159.0294948587267 2.495350718354689 22.56878360429951 1
[node 51]
type = model
name = poster
parent = 50
matrixRow0 = 0.9999999999999998 0 -1.110223024625157e-016 0
matrixRow1 = -0 0.9999999999999997 -0 0
matrixRow2 = 1.110223024625157e-016 0 0.9999999999999999 0
matrixRow3 = 0 0 -0 1
BoundingBoxCenter = -0.0002856850624084473 -0.002164334058761597 -0.05240755900740624 
BoundingBoxHalf = 0.5002856850624085 0.4946650564670563 0.05240755900740624 
meshcount = 1
material0 = posterMaterial
[node 52]
type = null
name = posterGrp26
parent = -1
matrixRow0 = 0.01493515098828453 -0.002971197020718356 -0.9998840499043983 0
matrixRow1 = -0.007086539538684655 0.9999701551343024 -0.003077303697394924 0
matrixRow2 = 0.9998633517747932 0.007131677849105039 0.01491364974554457 0
matrixRow3 = 182.37326091938 2.021037076197575 -4.496971912822226 1
[node 53]
type = model
name = poster
parent = 52
matrixRow0 = 1 0 -0 0
matrixRow1 = -0 1 -1.836367429647323e-018 0
matrixRow2 = 0 1.836367429647323e-018 1 0
matrixRow3 = 0 0 -0 1
BoundingBoxCenter = -0.0002856850624084473 -0.002164334058761597 -0.05240755900740624 
BoundingBoxHalf = 0.5002856850624085 0.4946650564670563 0.05240755900740624 
meshcount = 1
material0 = posterMaterial
[node 54]
type = null
name = posterGrp27
parent = -1
matrixRow0 = 0.01507141400883756 -0.02260475747643434 -0.9996308705813389 0
matrixRow1 = -0.006791925901422912 0.9997190425867099 -0.02270915304588552 0
matrixRow2 = 0.9998633517747931 0.007131677849108009 0.01491364974554344 0
matrixRow3 = 182.3658476942144 3.151574940731946 -4.540584287766677 1
[node 55]
type = model
name = poster
parent = 54
matrixRow0 = 1 3.469446951953614e-018 -1.734723475976807e-018 0
matrixRow1 = -3.469446951953614e-018 1 -0 0
matrixRow2 = 1.734723475976807e-018 6.018531076210111e-036 1 0
matrixRow3 = 0 0 -0 1
BoundingBoxCenter = -0.0002856850624084473 -0.002164334058761597 -0.05240755900740624 
BoundingBoxHalf = 0.5002856850624085 0.4946650564670563 0.05240755900740624 
meshcount = 1
material0 = posterMaterial
[node 56]
type = null
name = posterGrp28
parent = -1
matrixRow0 = -0.5956376551997809 -0.005554145050201092 -0.8032340475732264 0
matrixRow1 = 0.002943189924944326 0.999954290681325 -0.009096932509014874 0
matrixRow2 = 0.8032478579748422 -0.007782545905370051 -0.5955940821046311 0
matrixRow3 = 182.9186466466144 2.724304727432365 -7.182849201499286 1
[node 57]
type = model
name = poster
parent = 56
matrixRow0 = 1 -8.673617379884036e-019 -1.110223024625157e-016 0
matrixRow1 = 8.673617379884035e-019 1 -8.673617379884036e-019 0
matrixRow2 = 1.110223024625156e-016 8.673617379884033e-019 0.9999999999999998 0
matrixRow3 = 0 0 -0 1
BoundingBoxCenter = -0.0002856850624084473 -0.002164334058761597 -0.05240755900740624 
BoundingBoxHalf = 0.5002856850624085 0.4946650564670563 0.05240755900740624 
meshcount = 1
material0 = posterMaterial
[node 58]
type = null
name = posterGrp29
parent = -1
matrixRow0 = 0.9978941149521543 0.06484222000164763 -0.001679836038002269 0
matrixRow1 = -0.06485997660489024 0.9972103383835109 -0.03694217719432223 0
matrixRow2 = -0.0007202629170890328 0.0369733353418587 0.9993159929146679 0
matrixRow3 = 158.4638569104919 0.7363385207298032 -16.87691249445892 1
[node 59]
type = model
name = poster
parent = 58
matrixRow0 = 1 8.876905287225068e-018 4.336808689942018e-019 0
matrixRow1 = -8.876905287225069e-018 1 -0 0
matrixRow2 = -4.336808689942017e-019 -3.849743998942991e-036 0.9999999999999999 0
matrixRow3 = 0 0 -0 1
BoundingBoxCenter = -0.0002856850624084473 -0.002164334058761597 -0.05240755900740624 
BoundingBoxHalf = 0.5002856850624085 0.4946650564670563 0.05240755900740624 
meshcount = 1
material0 = posterMaterial
[node 60]
type = null
name = posterGrp30
parent = -1
matrixRow0 = -0.6240406794607954 0.01295468232923246 -0.7812844594536986 0
matrixRow1 = 0.0009561008652631544 0.9998744699166067 0.0158155075834063 0
matrixRow2 = 0.7813912696269675 0.009122533350665889 -0.6239747295652456 0
matrixRow3 = 169.6775322569044 2.2512027383817 -25.60243502472539 1
[node 61]
type = model
name = poster
parent = 60
matrixRow0 = 1 1.734723475976807e-018 1.110223024625157e-016 0
matrixRow1 = -1.734723475976808e-018 1 -0 0
matrixRow2 = -1.110223024625157e-016 -1.925929944387236e-034 1 0
matrixRow3 = 0 0 -0 1
BoundingBoxCenter = -0.0002856850624084473 -0.002164334058761597 -0.05240755900740624 
BoundingBoxHalf = 0.5002856850624085 0.4946650564670563 0.05240755900740624 
meshcount = 1
material0 = posterMaterial
[node 62]
type = null
name = posterGrp31
parent = -1
matrixRow0 = -0.7923749511224967 -0.008890504261373142 0.6099695859365444 0
matrixRow1 = -0.01928580800663571 0.9997590717356587 -0.01048122568142043 0
matrixRow2 = -0.6097294436413184 -0.02006881701127864 -0.7923555061590821 0
matrixRow3 = 151.8983092091903 1.831227756634029 -36.43473881807596 1
[node 63]
type = model
name = poster
parent = 62
matrixRow0 = 1 1.734723475976807e-018 5.551115123125783e-017 0
matrixRow1 = -1.734723475976806e-018 0.9999999999999998 -0 0
matrixRow2 = -5.551115123125781e-017 -9.629649721936174e-035 0.9999999999999999 0
matrixRow3 = 0 0 -0 1
BoundingBoxCenter = -0.0002856850624084473 -0.002164334058761597 -0.05240755900740624 
BoundingBoxHalf = 0.5002856850624085 0.4946650564670563 0.05240755900740624 
meshcount = 1
material0 = posterMaterial
[node 64]
type = null
name = posterGrp32
parent = -1
matrixRow0 = -0.6365352487516571 -0.02036180488449932 -0.7709787766200258 0
matrixRow1 = -0.01928580800661566 0.9997590717356594 -0.01048122568139699 0
matrixRow2 = 0.7710064427138064 0.008197279066738956 -0.6367745832786544 0
matrixRow3 = 156.4047412398441 2.230328154697769 -43.96353389385665 1
[node 65]
type = model
name = poster
parent = 64
matrixRow0 = 1 1.734723475976807e-018 -0 0
matrixRow1 = -1.734723475976807e-018 0.9999999999999999 -0 0
matrixRow2 = 0 0 1 0
matrixRow3 = 0 0 -0 1
BoundingBoxCenter = -0.0002856850624084473 -0.002164334058761597 -0.05240755900740624 
BoundingBoxHalf = 0.5002856850624085 0.4946650564670563 0.05240755900740624 
meshcount = 1
material0 = posterMaterial
[node 66]
type = null
name = posterGrp33
parent = -1
matrixRow0 = 0.5797431015744843 -0.008893154529111496 0.8147507888792245 0
matrixRow1 = 0.0142226272475715 0.9998985381984631 0.0007938405085516671 0
matrixRow2 = -0.8146751825426953 0.01112767321131082 0.5798107638168926 0
matrixRow3 = 140.3774750991876 2.175504241152448 -36.70847621358644 1
[node 67]
type = model
name = poster
parent = 66
matrixRow0 = 1 -1.084202172485504e-019 -0 0
matrixRow1 = 1.084202172485504e-019 1 1.084202172485504e-019 0
matrixRow2 = -1.175494350822288e-038 -1.084202172485504e-019 1 0
matrixRow3 = 0 0 -0 1
BoundingBoxCenter = -0.0002856850624084473 -0.002164334058761597 -0.05240755900740624 
BoundingBoxHalf = 0.5002856850624085 0.4946650564670563 0.05240755900740624 
meshcount = 1
material0 = posterMaterial
[node 68]
type = null
name = posterGrp34
parent = -1
matrixRow0 = 0.5797431015744843 -0.008893154529111496 0.8147507888792245 0
matrixRow1 = 0.0142226272475715 0.9998985381984631 0.0007938405085516671 0
matrixRow2 = -0.8146751825426953 0.01112767321131082 0.5798107638168926 0
matrixRow3 = 137.7269653523458 2.216255366464015 -40.55027875545205 1
[node 69]
type = model
name = poster
parent = 68
matrixRow0 = 1 -1.084202172485504e-019 -0 0
matrixRow1 = 1.084202172485504e-019 1 1.084202172485504e-019 0
matrixRow2 = -1.175494350822288e-038 -1.084202172485504e-019 1 0
matrixRow3 = 0 0 -0 1
BoundingBoxCenter = -0.0002856850624084473 -0.002164334058761597 -0.05240755900740624 
BoundingBoxHalf = 0.5002856850624085 0.4946650564670563 0.05240755900740624 
meshcount = 1
material0 = posterMaterial
[node 70]
type = null
name = posterGrp35
parent = -1
matrixRow0 = 0.7668711306075147 -0.0103985564487553 -0.6417168683029411 0
matrixRow1 = 0.01422262724757826 0.999898538198463 0.0007938405085441447 0
matrixRow2 = 0.641643503758067 -0.009735673184665292 0.7669412172733401 0
matrixRow3 = 137.1974329232474 2.223811240394944 -40.58021542852726 1
[node 71]
type = model
name = poster
parent = 70
matrixRow0 = 0.9999999999999998 4.336808689942018e-019 -5.551115123125783e-017 0
matrixRow1 = -4.336808689942018e-019 1 9.757819552369542e-019 0
matrixRow2 = 5.551115123125783e-017 -9.75781955236954e-019 0.9999999999999999 0
matrixRow3 = 0 0 -0 1
BoundingBoxCenter = -0.0002856850624084473 -0.002164334058761597 -0.05240755900740624 
BoundingBoxHalf = 0.5002856850624085 0.4946650564670563 0.05240755900740624 
meshcount = 1
material0 = posterMaterial
[node 72]
type = null
name = posterGrp36
parent = -1
matrixRow0 = 0.7798013297865671 -0.01059500416294862 -0.6259374025810315 0
matrixRow1 = 0.01422262724757841 0.999898538198463 0.0007938405085435462 0
matrixRow2 = 0.6258654831010235 -0.009521512241428137 0.7798728985337023 0
matrixRow3 = 150.7343002708061 1.842018599360775 -37.55265866940378 1
[node 73]
type = model
name = poster
parent = 72
matrixRow0 = 1 -2.168404344971009e-019 -2.220446049250313e-016 0
matrixRow1 = 2.168404344971018e-019 1 3.903127820947817e-018 0
matrixRow2 = 2.220446049250313e-016 -3.903127820947816e-018 1 0
matrixRow3 = 0 0 -0 1
BoundingBoxCenter = -0.0002856850624084473 -0.002164334058761597 -0.05240755900740624 
BoundingBoxHalf = 0.5002856850624085 0.4946650564670563 0.05240755900740624 
meshcount = 1
material0 = posterMaterial
[node 74]
type = null
name = posterGrp37
parent = -1
matrixRow0 = 0.7798013297865671 -0.01059500416294862 -0.6259374025810315 0
matrixRow1 = 0.01422262724757841 0.999898538198463 0.0007938405085435462 0
matrixRow2 = 0.6258654831010235 -0.009521512241428137 0.7798728985337023 0
matrixRow3 = 145.3561635465221 2.381532171200651 -46.49546213745424 1
[node 75]
type = model
name = poster
parent = 74
matrixRow0 = 1 -2.168404344971009e-019 -2.220446049250313e-016 0
matrixRow1 = 2.168404344971018e-019 1 3.903127820947817e-018 0
matrixRow2 = 2.220446049250313e-016 -3.903127820947816e-018 1 0
matrixRow3 = 0 0 -0 1
BoundingBoxCenter = -0.0002856850624084473 -0.002164334058761597 -0.05240755900740624 
BoundingBoxHalf = 0.5002856850624085 0.4946650564670563 0.05240755900740624 
meshcount = 1
material0 = posterMaterial
[node 76]
type = null
name = posterGrp38
parent = -1
matrixRow0 = 0.1907649208263285 -0.003492790035429505 0.9816295357210344 0
matrixRow1 = 0.01422262724759216 0.9998985381984629 0.0007938405085360777 0
matrixRow2 = -0.9815327105381158 0.0138099140600276 0.1907952421245193 0
matrixRow3 = 116.0864158433824 8.986462959209801 -56.76411638552801 1
[node 77]
type = model
name = poster
parent = 76
matrixRow0 = 1 5.421010862427522e-019 2.775557561562891e-017 0
matrixRow1 = -5.421010862427521e-019 0.9999999999999999 7.860465750519908e-019 0
matrixRow2 = -2.775557561562891e-017 -7.860465750519909e-019 1 0
matrixRow3 = 0 0 -0 1
BoundingBoxCenter = -0.0002856850624084473 -0.002164334058761597 -0.05240755900740624 
BoundingBoxHalf = 0.5002856850624085 0.4946650564670563 0.05240755900740624 
meshcount = 1
material0 = posterMaterial
[node 78]
type = null
name = posterGrp39
parent = -1
matrixRow0 = -0.6182512670857365 0.009418011263045596 -0.7859240878168393 0
matrixRow1 = 0.005327911937336302 0.9999554511966503 0.007791596530327519 0
matrixRow2 = 0.7859624571830827 0.0006298300981763346 -0.6182739030662525 0
matrixRow3 = 143.1184464387708 2.587502654514249 -62.37595273742984 1
[node 79]
type = model
name = poster
parent = 78
matrixRow0 = 1 8.673617379884036e-019 2.220446049250313e-016 0
matrixRow1 = -8.673617379884034e-019 1 -0 0
matrixRow2 = -2.220446049250313e-016 -1.925929944387235e-034 1 0
matrixRow3 = 0 0 -0 1
BoundingBoxCenter = -0.0002856850624084473 -0.002164334058761597 -0.05240755900740624 
BoundingBoxHalf = 0.5002856850624085 0.4946650564670563 0.05240755900740624 
meshcount = 1
material0 = posterMaterial
[node 80]
type = null
name = posterGrp40
parent = -1
matrixRow0 = -0.6182512670857365 0.009418011263045596 -0.7859240878168393 0
matrixRow1 = 0.005327911937336302 0.9999554511966503 0.007791596530327519 0
matrixRow2 = 0.7859624571830827 0.0006298300981763346 -0.6182739030662525 0
matrixRow3 = 136.4578683581886 2.694503417356791 -71.55366392193075 1
[node 81]
type = model
name = poster
parent = 80
matrixRow0 = 1 8.673617379884036e-019 2.220446049250313e-016 0
matrixRow1 = -8.673617379884034e-019 1 -0 0
matrixRow2 = -2.220446049250313e-016 -1.925929944387235e-034 1 0
matrixRow3 = 0 0 -0 1
BoundingBoxCenter = -0.0002856850624084473 -0.002164334058761597 -0.05240755900740624 
BoundingBoxHalf = 0.5002856850624085 0.4946650564670563 0.05240755900740624 
meshcount = 1
material0 = posterMaterial
[node 82]
type = null
name = posterGrp41
parent = -1
matrixRow0 = 0.3619798327009319 -0.009191869673747343 0.9321406064804315 0
matrixRow1 = 0.005327911937347839 0.9999554511966503 0.007791596530323276 0
matrixRow2 = -0.9321707000717161 0.002145962256034164 0.3620126804047096 0
matrixRow3 = 100.4383862217599 2.658857041018833 -78.33196665297278 1
[node 83]
type = model
name = poster
parent = 82
matrixRow0 = 1 0 5.551115123125783e-017 0
matrixRow1 = -9.629649721936175e-035 1 1.734723475976807e-018 0
matrixRow2 = -5.551115123125782e-017 -1.734723475976807e-018 1 0
matrixRow3 = 0 0 -0 1
BoundingBoxCenter = -0.0002856850624084473 -0.002164334058761597 -0.05240755900740624 
BoundingBoxHalf = 0.5002856850624085 0.4946650564670563 0.05240755900740624 
meshcount = 1
material0 = posterMaterial
[node 84]
type = null
name = posterGrp42
parent = -1
matrixRow0 = -0.9267195552668723 -0.02128970302083115 -0.3751501225259765 0
matrixRow1 = -0.009507242735916353 0.9994024938530525 -0.03323052235309799 0
matrixRow2 = 0.3756334359738637 -0.02722873161908561 -0.9263682410104985 0
matrixRow3 = 121.1173370684217 2.358248905910696 -90.35914049241256 1
[node 85]
type = model
name = poster
parent = 84
matrixRow0 = 1 0 -0 0
matrixRow1 = -0 1 -0 0
matrixRow2 = 0 0 1 0
matrixRow3 = 0 0 -0 1
BoundingBoxCenter = -0.0002856850624084473 -0.002164334058761597 -0.05240755900740624 
BoundingBoxHalf = 0.5002856850624085 0.4946650564670563 0.05240755900740624 
meshcount = 1
material0 = posterMaterial
[node 86]
type = null
name = posterGrp43
parent = -1
matrixRow0 = -0.9584133846386886 0.0003717906358114048 0.2853833315334582 0
matrixRow1 = -0.0003828760134969402 0.9999965762760666 -0.002588598482349933 0
matrixRow2 = -0.2853833168763916 -0.002590213865235579 -0.9584099609461297 0
matrixRow3 = 118.9168568827787 2.292147804607458 -91.72629540927943 1
[node 87]
type = model
name = poster
parent = 86
matrixRow0 = 0.9999999999999999 1.084202172485504e-019 5.551115123125783e-017 0
matrixRow1 = -1.084202172485505e-019 1 4.336808689942018e-019 0
matrixRow2 = -5.551115123125786e-017 -4.33680868994202e-019 1 0
matrixRow3 = 0 0 -0 1
BoundingBoxCenter = -0.0002856850624084473 -0.002164334058761597 -0.05240755900740624 
BoundingBoxHalf = 0.5002856850624085 0.4946650564670563 0.05240755900740624 
meshcount = 1
material0 = posterMaterial
[node 88]
type = null
name = posterGrp44
parent = -1
matrixRow0 = -0.9584022767343281 0.005602321327548307 0.2853658878461104 0
matrixRow1 = 0.0003913163566962108 0.9998321983109377 -0.01831453226884728 0
matrixRow2 = -0.285420606862863 -0.01744102108423024 -0.9582436474934618 0
matrixRow3 = 108.1421486168462 2.230142759812877 -88.25524139433345 1
[node 89]
type = model
name = poster
parent = 88
matrixRow0 = 1 8.673617379884036e-019 -1.110223024625157e-016 0
matrixRow1 = -8.673617379884036e-019 1 -0 0
matrixRow2 = 1.110223024625156e-016 9.629649721936174e-035 0.9999999999999999 0
matrixRow3 = 0 0 -0 1
BoundingBoxCenter = -0.0002856850624084473 -0.002164334058761597 -0.05240755900740624 
BoundingBoxHalf = 0.5002856850624085 0.4946650564670563 0.05240755900740624 
meshcount = 1
material0 = posterMaterial
[node 90]
type = null
name = posterGrp45
parent = -1
matrixRow0 = -0.9584022767343281 0.005602321327548307 0.2853658878461104 0
matrixRow1 = 0.0003913163566962108 0.9998321983109377 -0.01831453226884728 0
matrixRow2 = -0.285420606862863 -0.01744102108423024 -0.9582436474934618 0
matrixRow3 = 86.38602965840688 2.365690540982795 -81.3202288615451 1
[node 91]
type = model
name = poster
parent = 90
matrixRow0 = 1 8.673617379884036e-019 -1.110223024625157e-016 0
matrixRow1 = -8.673617379884036e-019 1 -0 0
matrixRow2 = 1.110223024625156e-016 9.629649721936174e-035 0.9999999999999999 0
matrixRow3 = 0 0 -0 1
BoundingBoxCenter = -0.0002856850624084473 -0.002164334058761597 -0.05240755900740624 
BoundingBoxHalf = 0.5002856850624085 0.4946650564670563 0.05240755900740624 
meshcount = 1
material0 = posterMaterial
[node 92]
type = null
name = posterGrp46
parent = -1
matrixRow0 = 0.2939383324087307 0.01739047417910917 0.9556661698253214 0
matrixRow1 = 0.0003913163567167838 0.999832198310938 -0.0183145322688414 0
matrixRow2 = -0.9558243058283691 0.005757310877762663 0.2938822038830751 0
matrixRow3 = 77.84638283035449 1.895234206501584 -60.08879566406137 1
[node 93]
type = model
name = poster
parent = 92
matrixRow0 = 0.9999999999999999 -3.469446951953614e-018 5.551115123125783e-017 0
matrixRow1 = 3.469446951953615e-018 1 -8.673617379884036e-019 0
matrixRow2 = -5.551115123125784e-017 8.673617379884037e-019 1 0
matrixRow3 = 0 0 -0 1
BoundingBoxCenter = -0.0002856850624084473 -0.002164334058761597 -0.05240755900740624 
BoundingBoxHalf = 0.5002856850624085 0.4946650564670563 0.05240755900740624 
meshcount = 1
material0 = posterMaterial
[node 94]
type = null
name = posterGrp47
parent = -1
matrixRow0 = 0.2914025913064153 -0.0002807715384742777 0.9566004656842111 0
matrixRow1 = 0.006653847330651053 0.9999763605185398 -0.001733412759675244 0
matrixRow2 = -0.9565773654522705 0.006870194425065412 0.2913975709112124 0
matrixRow3 = 74.73651086489828 1.803880852049593 -69.72255854249184 1
[node 95]
type = model
name = poster
parent = 94
matrixRow0 = 1 8.673617379884036e-019 -0 0
matrixRow1 = -8.673617379884034e-019 1 4.336808689942018e-019 0
matrixRow2 = 3.761581922631319e-037 -4.336808689942017e-019 0.9999999999999999 0
matrixRow3 = 0 0 -0 1
BoundingBoxCenter = -0.0002856850624084473 -0.002164334058761597 -0.05240755900740624 
BoundingBoxHalf = 0.5002856850624085 0.4946650564670563 0.05240755900740624 
meshcount = 1
material0 = posterMaterial
[node 96]
type = null
name = posterGrp48
parent = -1
matrixRow0 = 0.291096510996789 -0.02865121816996089 0.9562645705989915 0
matrixRow1 = 0.01491861890019028 0.9995658598241234 0.02540721716701336 0
matrixRow2 = -0.9565773654522708 0.006870194425065146 0.2913975709112117 0
matrixRow3 = 74.7445340885007 2.864742580215872 -69.72123214926138 1
[node 97]
type = model
name = poster
parent = 96
matrixRow0 = 1 0 1.110223024625157e-016 0
matrixRow1 = 0 1 -0 0
matrixRow2 = -1.110223024625157e-016 0 1 0
matrixRow3 = 0 0 -0 1
BoundingBoxCenter = -0.0002856850624084473 -0.002164334058761597 -0.05240755900740624 
BoundingBoxHalf = 0.5002856850624085 0.4946650564670563 0.05240755900740624 
meshcount = 1
material0 = posterMaterial
[node 98]
type = null
name = posterGrp49
parent = -1
matrixRow0 = 0.9491243518732098 -0.006163061379939956 -0.3148412002195504 0
matrixRow1 = 0.005438344080745504 0.9999801550093699 -0.003180251734669129 0
matrixRow2 = 0.3148545522855265 0.001306239588872686 0.949139033357715 0
matrixRow3 = 77.33822035884937 2.329740731684224 -60.36506668024232 1
[node 99]
type = model
name = poster
parent = 98
matrixRow0 = 1 1.084202172485504e-018 -1.110223024625157e-016 0
matrixRow1 = -1.084202172485504e-018 1 -0 0
matrixRow2 = 1.110223024625157e-016 1.203706215242022e-034 1 0
matrixRow3 = 0 0 -0 1
BoundingBoxCenter = -0.0002856850624084473 -0.002164334058761597 -0.05240755900740624 
BoundingBoxHalf = 0.5002856850624085 0.4946650564670563 0.05240755900740624 
meshcount = 1
material0 = posterMaterial
[node 100]
type = null
name = posterGrp50
parent = -1
matrixRow0 = 0.9451992122908507 -0.006178588894940221 -0.3264357120843592 0
matrixRow1 = 0.005438344080745154 0.9999801550093699 -0.00318025173467013 0
matrixRow2 = 0.3264488834387625 0.001230701711939014 0.9452140561136835 0
matrixRow3 = 73.02745618452119 2.062646323633117 -58.96816974234894 1
[node 101]
type = model
name = poster
parent = 100
matrixRow0 = 1 -2.168404344971009e-019 -5.551115123125783e-017 0
matrixRow1 = 2.168404344971008e-019 0.9999999999999999 -8.673617379884036e-019 0
matrixRow2 = 5.551115123125783e-017 8.673617379884039e-019 1 0
matrixRow3 = 0 0 -0 1
